Contador	Anterior	Actual	Intervalo	X_gyr	Y_gyr	Z_gyr
0;	0;	1985;	1985;	0.00;	0.00;	0.00
1;	1985;	2164;	179;	0.00;	0.00;	0.00
2;	2164;	2241;	77;	0.00;	0.00;	0.00
3;	2241;	2479;	238;	0.06;	-0.06;	0.00
4;	2479;	2559;	80;	0.06;	0.06;	0.06
5;	2559;	2639;	80;	0.06;	0.13;	-0.13
6;	2639;	2756;	117;	0.00;	0.06;	0.00
7;	2756;	2835;	79;	0.00;	0.06;	0.13
8;	2835;	2912;	77;	-0.06;	0.06;	0.00
9;	2912;	3008;	96;	0.00;	-0.06;	0.00
10;	3008;	3089;	81;	-0.06;	0.06;	0.00
11;	3089;	3170;	81;	0.00;	0.00;	-0.13
12;	3170;	3250;	80;	0.13;	0.00;	0.00
13;	3250;	3329;	79;	0.00;	0.00;	0.06
14;	3329;	3417;	88;	0.06;	0.13;	0.00
15;	3417;	3494;	77;	-0.06;	0.00;	-0.13
16;	3494;	3573;	79;	0.00;	0.19;	-0.13
17;	3573;	3652;	79;	-0.06;	0.00;	0.00
18;	3652;	3743;	91;	0.06;	0.00;	0.00
19;	3743;	3823;	80;	0.00;	0.06;	0.00
20;	3823;	3903;	80;	0.06;	0.00;	-0.06
21;	3903;	3982;	79;	0.06;	-0.13;	0.06
22;	3982;	4063;	81;	-0.06;	0.00;	0.06
23;	4063;	4143;	80;	-0.13;	0.13;	-0.06
24;	4143;	4223;	80;	-0.13;	0.00;	0.00
25;	4223;	4303;	80;	-0.06;	0.13;	0.06
26;	4303;	4398;	95;	-0.25;	0.19;	0.00
27;	4398;	4484;	86;	-0.06;	-0.06;	0.00
28;	4484;	4564;	80;	-0.06;	-0.13;	0.13
29;	4564;	4645;	81;	-0.06;	0.06;	0.06
30;	4645;	4725;	80;	0.00;	0.06;	0.06
31;	4725;	4805;	80;	-0.06;	0.06;	-0.06
32;	4805;	4883;	78;	-0.06;	-0.19;	0.19
33;	4883;	4962;	79;	0.00;	0.06;	0.13
34;	4962;	5039;	77;	0.00;	0.00;	0.00
35;	5039;	5118;	79;	-0.06;	-0.06;	0.00
36;	5118;	5209;	91;	0.00;	0.00;	-0.06
37;	5209;	5288;	79;	0.00;	-0.06;	-0.06
38;	5288;	5368;	80;	-0.06;	-0.06;	0.00
39;	5368;	5448;	80;	-0.06;	0.06;	0.00
40;	5448;	5536;	88;	0.00;	-0.25;	0.13
41;	5536;	5616;	80;	0.00;	-0.13;	-0.06
42;	5616;	5713;	97;	0.00;	0.06;	0.13
43;	5713;	5791;	78;	0.00;	0.06;	0.00
44;	5791;	5870;	79;	0.06;	0.06;	0.00
45;	5870;	5950;	80;	-0.13;	0.00;	-0.06
46;	5950;	6030;	80;	0.00;	-0.19;	0.13
47;	6030;	6110;	80;	0.06;	-0.13;	0.00
48;	6110;	6189;	79;	0.00;	-0.06;	0.00
49;	6189;	6270;	81;	0.06;	-0.19;	0.06
50;	6270;	6350;	80;	0.06;	0.00;	0.00
51;	6350;	6431;	81;	0.13;	-0.06;	0.13
52;	6431;	6511;	80;	-0.06;	0.06;	0.06
53;	6511;	6609;	98;	0.06;	-0.13;	0.13
54;	6609;	6687;	78;	0.06;	-0.13;	0.00
55;	6687;	6765;	78;	-0.06;	0.06;	0.00
56;	6765;	6844;	79;	0.00;	-0.06;	0.06
57;	6844;	6923;	79;	0.00;	-0.06;	-0.13
58;	6923;	7003;	80;	-0.06;	-0.06;	0.00
59;	7003;	7100;	97;	-0.13;	0.06;	-0.06
60;	7100;	7179;	79;	-0.06;	-0.06;	-0.06
61;	7179;	7257;	78;	0.00;	-0.13;	0.00
62;	7257;	7336;	79;	0.06;	-0.13;	0.06
63;	7336;	7415;	79;	-0.06;	0.06;	-0.19
64;	7415;	7494;	79;	-0.13;	0.06;	0.06
65;	7494;	7574;	80;	0.06;	-0.13;	0.06
66;	7574;	7663;	89;	0.00;	-0.06;	0.06
67;	7663;	7740;	77;	0.06;	0.13;	-0.06
68;	7740;	7818;	78;	-0.19;	0.00;	-0.06
69;	7818;	7897;	79;	-0.06;	-0.06;	-0.06
70;	7897;	7988;	91;	0.06;	0.13;	0.00
71;	7988;	8067;	79;	-0.13;	0.19;	-0.06
72;	8067;	8147;	80;	-0.06;	0.19;	0.00
73;	8147;	8227;	80;	0.06;	0.13;	0.06
74;	8227;	8307;	80;	0.00;	0.00;	-0.06
75;	8307;	8404;	97;	-0.06;	0.13;	-0.13
76;	8404;	8482;	78;	0.06;	0.13;	0.13
77;	8482;	8560;	78;	0.00;	0.06;	0.00
78;	8560;	8639;	79;	0.00;	0.13;	0.00
79;	8639;	8719;	80;	0.00;	0.06;	0.00
80;	8719;	8794;	75;	-0.06;	0.19;	-0.06
81;	8794;	8871;	77;	0.00;	0.06;	-0.13
82;	8871;	8950;	79;	0.13;	-0.31;	-0.06
83;	8950;	9030;	80;	0.00;	-0.06;	-0.06
84;	9030;	9110;	80;	0.00;	-0.06;	0.00
85;	9110;	9190;	80;	0.00;	0.00;	-0.13
86;	9190;	9270;	80;	0.00;	0.00;	0.00
87;	9270;	9349;	79;	0.00;	-0.19;	0.00
88;	9349;	9441;	92;	-0.25;	-0.19;	0.06
89;	9441;	9521;	80;	-0.62;	-0.31;	0.19
90;	9521;	9599;	78;	-1.62;	2.81;	1.56
91;	9599;	9679;	80;	-5.69;	14.31;	1.06
92;	9679;	9774;	95;	-17.19;	128.75;	-0.44
93;	9774;	9860;	86;	0.81;	220.81;	-9.63
94;	9860;	9940;	80;	-16.44;	183.25;	16.75
95;	9940;	10019;	79;	17.19;	197.31;	28.81
96;	10019;	10097;	78;	2.25;	206.38;	5.75
97;	10097;	10175;	78;	43.25;	190.31;	-15.75
98;	10175;	10253;	78;	63.81;	83.87;	1.94
99;	10253;	10333;	80;	-13.19;	30.88;	6.69
100;	10333;	10411;	78;	7.25;	-5.69;	3.25
101;	10411;	10489;	78;	16.50;	-64.50;	17.00
102;	10489;	10567;	78;	-8.06;	-108.87;	35.06
103;	10567;	10646;	79;	-20.25;	-137.50;	30.37
104;	10646;	10734;	88;	4.50;	-151.00;	29.94
105;	10734;	10823;	89;	-62.06;	-165.81;	12.44
106;	10823;	10901;	78;	-132.06;	-169.31;	-34.75
107;	10901;	10979;	78;	83.62;	-169.94;	-60.44
108;	10979;	11057;	78;	28.19;	-121.62;	-35.75
109;	11057;	11154;	97;	6.69;	-64.87;	-15.75
110;	11154;	11233;	79;	11.44;	-14.06;	1.81
111;	11233;	11310;	77;	7.50;	-18.62;	4.37
112;	11310;	11389;	79;	-0.94;	-19.25;	11.19
113;	11389;	11467;	78;	-3.19;	0.37;	6.00
114;	11467;	11548;	81;	4.00;	4.69;	-1.50
115;	11548;	11628;	80;	8.06;	-7.25;	3.94
116;	11628;	11714;	86;	13.06;	-5.31;	10.81
117;	11714;	11791;	77;	41.88;	-46.37;	1.06
118;	11791;	11869;	78;	-69.69;	-129.25;	-9.13
119;	11869;	11949;	80;	2.37;	-228.56;	-0.75
120;	11949;	12029;	80;	-25.37;	-148.25;	4.50
121;	12029;	12107;	78;	-31.19;	-106.44;	-29.63
122;	12107;	12186;	79;	-22.56;	-100.50;	-24.75
123;	12186;	12274;	88;	64.62;	-139.19;	8.19
124;	12274;	12352;	78;	100.44;	-131.63;	35.25
125;	12352;	12449;	97;	4.19;	-41.69;	-0.44
126;	12449;	12529;	80;	26.25;	10.38;	-0.75
127;	12529;	12615;	86;	18.62;	72.25;	-11.12
128;	12615;	12693;	78;	-9.38;	120.87;	-11.50
129;	12693;	12770;	77;	-101.44;	146.50;	-2.25
130;	12770;	12850;	80;	13.50;	199.56;	12.00
131;	12850;	12930;	80;	10.94;	183.31;	16.56
132;	12930;	13008;	78;	14.13;	135.37;	11.00
133;	13008;	13086;	78;	7.25;	98.19;	14.19
134;	13086;	13164;	78;	4.94;	88.06;	10.25
135;	13164;	13244;	80;	3.69;	-1.37;	-13.69
136;	13244;	13322;	78;	24.37;	37.06;	11.94
137;	13322;	13402;	80;	2.19;	2.50;	0.06
138;	13402;	13491;	89;	5.69;	5.06;	-6.75
139;	13491;	13569;	78;	3.81;	41.44;	-7.62
140;	13569;	13675;	106;	11.69;	99.87;	-1.50
141;	13675;	13755;	80;	-39.75;	267.87;	7.50
142;	13755;	13853;	98;	-86.25;	273.44;	-24.06
143;	13853;	13932;	79;	24.63;	224.62;	24.44
144;	13932;	14009;	77;	7.25;	179.94;	-8.13
145;	14009;	14088;	79;	-4.81;	114.19;	-0.44
146;	14088;	14165;	77;	37.38;	43.56;	10.94
147;	14165;	14245;	80;	33.44;	-26.87;	20.62
148;	14245;	14322;	77;	22.50;	-109.81;	43.63
149;	14322;	14399;	77;	7.19;	-187.50;	61.50
150;	14399;	14485;	86;	-42.13;	-222.19;	40.12
151;	14485;	14562;	77;	-151.87;	-218.37;	14.38
152;	14562;	14640;	78;	71.87;	-219.62;	-59.19
153;	14640;	14718;	78;	35.19;	-163.94;	-30.00
154;	14718;	14798;	80;	9.44;	-119.37;	0.81
155;	14798;	14876;	78;	3.94;	-3.50;	3.50
156;	14876;	14955;	79;	-0.06;	-11.25;	3.37
157;	14955;	15043;	88;	2.62;	-2.31;	-1.62
158;	15043;	15138;	95;	1.12;	-1.94;	4.06
159;	15138;	15215;	77;	-29.50;	-21.94;	-10.44
160;	15215;	15292;	77;	-2.56;	-50.63;	-21.06
161;	15292;	15409;	117;	74.62;	-114.81;	-26.31
162;	15409;	15490;	81;	-15.50;	-197.56;	-3.06
163;	15490;	15568;	78;	-15.88;	-200.69;	17.06
164;	15568;	15647;	79;	-25.06;	-159.56;	6.62
165;	15647;	15724;	77;	-13.06;	-158.63;	9.44
166;	15724;	15803;	79;	44.25;	-157.69;	15.63
167;	15803;	15881;	78;	-31.87;	-54.19;	0.62
168;	15881;	15962;	81;	-0.37;	10.19;	-1.31
169;	15962;	16042;	80;	-31.00;	50.81;	-5.94
170;	16042;	16120;	78;	0.56;	130.56;	-15.13
171;	16120;	16199;	79;	-62.00;	214.50;	-8.13
172;	16199;	16285;	86;	25.37;	246.94;	13.00
173;	16285;	16364;	79;	14.06;	211.87;	2.81
174;	16364;	16456;	92;	3.00;	137.19;	22.94
175;	16456;	16552;	96;	92.19;	28.06;	-6.75
176;	16552;	16629;	77;	-9.94;	6.81;	-1.62
177;	16629;	16706;	77;	-0.44;	-0.06;	-0.06
178;	16706;	16785;	79;	14.25;	4.12;	-3.56
179;	16785;	16865;	80;	17.87;	7.62;	5.56
180;	16865;	16945;	80;	59.00;	-7.56;	2.69
181;	16945;	17022;	77;	147.13;	-8.63;	-0.19
182;	17022;	17100;	78;	171.25;	-19.19;	-8.44
183;	17100;	17178;	78;	188.12;	-21.69;	-2.75
184;	17178;	17265;	87;	155.94;	11.00;	13.69
185;	17265;	17346;	81;	84.75;	12.37;	-16.25
186;	17346;	17424;	78;	96.75;	5.19;	-27.31
187;	17424;	17503;	79;	28.87;	1.87;	0.50
188;	17503;	17581;	78;	-14.44;	-10.19;	0.88
189;	17581;	17659;	78;	-100.81;	-0.56;	0.19
190;	17659;	17737;	78;	-200.00;	-10.06;	-0.69
191;	17737;	17846;	109;	-222.19;	2.25;	-6.25
192;	17846;	17924;	78;	-173.19;	18.00;	0.06
193;	17924;	18002;	78;	-207.94;	36.19;	-24.81
194;	18002;	18080;	78;	8.50;	-8.94;	5.06
195;	18080;	18168;	88;	6.00;	-4.00;	2.62
196;	18168;	18249;	81;	-1.31;	26.19;	-18.87
197;	18249;	18326;	77;	13.69;	-5.87;	-5.62
198;	18326;	18404;	78;	-22.69;	-25.56;	-10.81
199;	18404;	18482;	78;	-5.25;	-0.37;	-2.62
200;	18482;	18561;	79;	-20.25;	6.62;	20.44
201;	18561;	18639;	78;	-1.25;	36.38;	1.37
202;	18639;	18719;	80;	-30.19;	22.06;	-6.69
203;	18719;	18798;	79;	-87.37;	14.25;	-3.56
204;	18798;	18876;	78;	-163.31;	-15.00;	-33.88
205;	18876;	18954;	78;	-277.25;	-8.69;	-28.50
206;	18954;	19032;	78;	-357.75;	-1.06;	-29.19
207;	19032;	19120;	88;	-151.37;	-19.69;	2.06
208;	19120;	19228;	108;	-30.44;	-18.94;	3.75
209;	19228;	19306;	78;	-7.69;	1.44;	-1.94
210;	19306;	19384;	78;	-9.44;	18.25;	-14.81
211;	19384;	19464;	80;	98.56;	-19.87;	4.25
212;	19464;	19541;	77;	163.62;	-0.56;	18.62
213;	19541;	19620;	79;	277.87;	11.94;	-0.69
214;	19620;	19697;	77;	324.19;	-8.31;	34.69
215;	19697;	19776;	79;	246.62;	-31.31;	-1.06
216;	19776;	19855;	79;	8.88;	-39.69;	-17.37
217;	19855;	19933;	78;	-88.81;	-25.12;	-10.38
218;	19933;	20021;	88;	0.56;	-1.19;	1.56
219;	20021;	20098;	77;	-0.37;	0.56;	-0.06
220;	20098;	20177;	79;	-0.13;	0.25;	-0.13
221;	20177;	20257;	80;	-7.50;	3.81;	-4.31
222;	20257;	20335;	78;	68.37;	14.87;	8.00
223;	20335;	20416;	81;	164.88;	-21.56;	-8.75
224;	20416;	20510;	94;	322.50;	-23.87;	-5.62
225;	20510;	20588;	78;	315.87;	-26.94;	18.19
226;	20588;	20679;	91;	153.62;	9.13;	-2.75
227;	20679;	20758;	79;	35.38;	14.63;	0.37
228;	20758;	20835;	77;	17.31;	0.25;	-1.00
229;	20835;	20914;	79;	-59.50;	2.62;	-0.44
230;	20914;	21000;	86;	-146.94;	3.62;	1.94
231;	21000;	21079;	79;	-272.56;	8.25;	-1.81
232;	21079;	21159;	80;	-307.56;	35.81;	-26.31
233;	21159;	21237;	78;	-298.44;	39.38;	-38.50
234;	21237;	21316;	79;	19.94;	-29.81;	-6.44
235;	21316;	21394;	78;	-33.63;	-15.94;	-12.63
236;	21394;	21472;	78;	-9.00;	-15.94;	19.00
237;	21472;	21550;	78;	0.25;	-0.75;	8.19
238;	21550;	21631;	81;	0.37;	2.12;	4.62
239;	21631;	21711;	80;	8.38;	21.44;	-6.06
240;	21711;	21789;	78;	-3.81;	44.06;	1.00
241;	21789;	21893;	104;	-150.25;	36.81;	8.63
242;	21893;	21972;	79;	-342.06;	-2.62;	-17.69
243;	21972;	22061;	89;	-483.12;	-24.31;	-85.25
244;	22061;	22138;	77;	-186.06;	59.19;	-72.12
245;	22138;	22216;	78;	-221.37;	35.19;	-66.75
246;	22216;	22294;	78;	8.38;	9.44;	-12.00
247;	22294;	22374;	80;	69.37;	11.25;	-0.13
248;	22374;	22452;	78;	186.00;	-5.87;	6.37
249;	22452;	22533;	81;	491.00;	-52.44;	60.19
250;	22533;	22613;	80;	328.88;	46.88;	85.94
251;	22613;	22691;	78;	226.44;	13.69;	21.62
252;	22691;	22770;	79;	131.50;	51.19;	31.75
253;	22770;	22856;	86;	17.56;	-0.81;	10.75
254;	22856;	22935;	79;	-126.81;	-20.31;	-2.31
255;	22935;	23015;	80;	5.19;	1.56;	-0.13
256;	23015;	23093;	78;	0.13;	-0.06;	-3.56
257;	23093;	23191;	98;	-0.06;	-2.19;	0.44
258;	23191;	23269;	78;	-0.19;	-4.25;	2.87
259;	23269;	23347;	78;	0.19;	-2.06;	-0.31
260;	23347;	23438;	91;	-4.62;	-2.62;	-44.31
261;	23438;	23517;	79;	6.37;	2.87;	-158.75
262;	23517;	23594;	77;	-22.31;	-4.19;	-397.12
263;	23594;	23673;	79;	40.94;	8.88;	-355.62
264;	23673;	23759;	86;	27.19;	-20.19;	-210.63
265;	23759;	23838;	79;	2.94;	-3.19;	-15.88
266;	23838;	23918;	80;	-10.88;	-3.06;	64.12
267;	23918;	23995;	77;	-15.31;	2.37;	186.56
268;	23995;	24074;	79;	-33.81;	-3.69;	270.37
269;	24074;	24152;	78;	-8.25;	1.31;	221.94
270;	24152;	24230;	78;	0.06;	2.12;	208.87
271;	24230;	24308;	78;	-9.31;	-1.56;	68.94
272;	24308;	24389;	81;	1.00;	0.37;	23.56
273;	24389;	24469;	80;	1.75;	0.56;	53.50
274;	24469;	24564;	95;	-49.13;	-2.12;	219.56
275;	24564;	24642;	78;	-43.31;	-8.69;	336.44
276;	24642;	24729;	87;	-25.44;	-21.75;	333.00
277;	24729;	24818;	89;	-30.31;	-16.37;	300.56
278;	24818;	24895;	77;	-3.37;	6.81;	175.56
279;	24895;	24973;	78;	0.25;	-3.37;	36.00
280;	24973;	25050;	77;	-1.06;	-2.81;	-12.88
281;	25050;	25131;	81;	1.56;	-7.81;	-181.44
282;	25131;	25208;	77;	-1.06;	-3.25;	-286.62
283;	25208;	25285;	77;	3.62;	-14.31;	-343.12
284;	25285;	25363;	78;	-12.50;	-0.44;	-236.87
285;	25363;	25443;	80;	-9.31;	0.69;	-136.62
286;	25443;	25523;	80;	3.44;	1.12;	-5.31
287;	25523;	25609;	86;	1.87;	0.31;	1.62
288;	25609;	25686;	77;	-2.12;	0.06;	-3.75
289;	25686;	25765;	79;	6.06;	-2.00;	-61.63
290;	25765;	25863;	98;	-5.25;	-10.56;	-180.56
291;	25863;	25944;	81;	5.00;	-2.94;	-250.06
292;	25944;	26024;	80;	-8.63;	1.12;	-297.25
293;	26024;	26102;	78;	-1.25;	7.50;	-286.31
294;	26102;	26181;	79;	-1.12;	-17.81;	-317.31
295;	26181;	26271;	90;	-1.50;	-2.50;	-245.69
296;	26271;	26349;	78;	-4.19;	3.62;	-217.69
297;	26349;	26427;	78;	-7.06;	-5.44;	-71.44
298;	26427;	26526;	99;	0.19;	0.13;	12.37
299;	26526;	26604;	78;	0.19;	0.00;	0.94
300;	26604;	26683;	79;	0.25;	0.19;	0.56
301;	26683;	26761;	78;	0.25;	0.13;	0.37
302;	26761;	26839;	78;	0.62;	0.31;	1.75
303;	26839;	26917;	78;	-8.88;	-2.12;	-59.19
304;	26917;	26998;	81;	3.19;	2.50;	-187.62
305;	26998;	27078;	80;	6.87;	-2.94;	-352.56
306;	27078;	27156;	78;	-4.69;	-3.44;	-372.69
307;	27156;	27254;	98;	16.12;	-3.75;	-301.50
308;	27254;	27332;	78;	11.19;	-3.75;	-316.69
309;	27332;	27410;	78;	-9.75;	-1.87;	-226.94
310;	27410;	27498;	88;	-0.06;	-0.13;	0.19
311;	27498;	27579;	81;	-0.31;	-0.06;	0.19
312;	27579;	27685;	106;	0.06;	0.00;	0.06
313;	27685;	27763;	78;	0.19;	0.31;	0.06
314;	27763;	27842;	79;	0.19;	0.19;	0.00
315;	27842;	27921;	79;	-2.12;	-1.44;	30.12
316;	27921;	28001;	80;	3.00;	0.69;	-0.19
317;	28001;	28081;	80;	24.37;	2.37;	-114.19
318;	28081;	28159;	78;	-20.50;	-5.50;	-209.87
319;	28159;	28239;	80;	31.87;	-7.06;	-334.31
320;	28239;	28317;	78;	-10.50;	-6.87;	-376.00
321;	28317;	28395;	78;	-4.87;	-0.25;	-358.06
322;	28395;	28513;	118;	3.81;	2.87;	-290.94
323;	28513;	28610;	97;	16.87;	-1.94;	-237.19
324;	28610;	28689;	79;	17.19;	-3.75;	-124.69
325;	28689;	28766;	77;	17.50;	10.25;	9.00
326;	28766;	28845;	79;	1.62;	1.00;	0.19
327;	28845;	28922;	77;	0.06;	0.25;	0.13
328;	28922;	29002;	80;	0.44;	0.19;	0.06
329;	29002;	29093;	91;	0.13;	0.19;	-0.06
330;	29093;	29173;	80;	0.06;	0.06;	-0.06
331;	29173;	29253;	80;	0.31;	0.19;	0.00
332;	29253;	29333;	80;	0.13;	0.00;	0.06
333;	29333;	29410;	77;	-0.44;	0.13;	-226.44
334;	29410;	29496;	86;	1.69;	-5.37;	-317.44
335;	29496;	29573;	77;	11.69;	3.06;	-358.69
336;	29573;	29652;	79;	-7.06;	-4.06;	-425.00
337;	29652;	29730;	78;	-2.75;	-2.94;	-370.88
338;	29730;	29808;	78;	-4.06;	8.31;	-163.81
339;	29808;	29887;	79;	-1.81;	-2.19;	11.81
340;	29887;	29981;	94;	1.00;	-0.62;	54.81
341;	29981;	30059;	78;	-6.81;	-3.62;	155.12
342;	30059;	30138;	79;	0.50;	0.88;	300.69
343;	30138;	30216;	78;	-1.75;	6.12;	299.25
344;	30216;	30296;	80;	4.75;	-2.44;	323.19
345;	30296;	30382;	86;	-3.81;	0.50;	339.63
346;	30382;	30472;	90;	5.12;	3.31;	295.94
347;	30472;	30550;	78;	-22.19;	-6.31;	268.81
348;	30550;	30627;	77;	-4.25;	-0.56;	-92.19
349;	30627;	30707;	80;	0.75;	0.37;	-14.00
350;	30707;	30786;	79;	0.19;	0.19;	-0.06
351;	30786;	30863;	77;	0.25;	0.25;	-0.13
352;	30863;	30942;	79;	0.06;	0.19;	-0.13
353;	30942;	31020;	78;	0.00;	-0.06;	0.06
354;	31020;	31100;	80;	1.37;	1.19;	245.19
355;	31100;	31178;	78;	1.69;	4.37;	357.50
356;	31178;	31273;	95;	2.56;	8.88;	368.12
357;	31273;	31361;	88;	-5.00;	0.69;	396.37
358;	31361;	31441;	80;	16.50;	3.87;	375.06
359;	31441;	31518;	77;	1.56;	0.81;	397.19
360;	31518;	31596;	78;	0.69;	0.81;	214.12
361;	31596;	31674;	78;	0.81;	0.13;	-0.19
362;	31674;	31754;	80;	0.31;	0.13;	-0.06
363;	31754;	31834;	80;	0.19;	0.13;	0.00
364;	31834;	31925;	91;	0.00;	-0.06;	-0.13
365;	31925;	32004;	79;	0.19;	0.00;	-0.06
366;	32004;	32084;	80;	0.13;	-0.19;	-0.19
367;	32084;	32165;	81;	0.62;	0.25;	-0.19
368;	32165;	32245;	80;	-7.94;	-0.31;	224.56
369;	32245;	32331;	86;	7.31;	1.44;	238.62
370;	32331;	32408;	77;	-7.87;	-0.69;	333.44
371;	32408;	32486;	78;	-5.31;	0.69;	377.94
372;	32486;	32566;	80;	-4.37;	36.50;	358.87
373;	32566;	32663;	97;	-23.25;	1.00;	246.00
374;	32663;	32741;	78;	1.19;	0.00;	15.81
375;	32741;	32819;	78;	0.31;	0.06;	0.13
376;	32819;	32898;	79;	0.19;	0.00;	-0.06
377;	32898;	32977;	79;	0.37;	0.31;	-0.13
378;	32977;	33057;	80;	0.19;	0.06;	0.13
379;	33057;	33137;	80;	0.25;	0.25;	-0.06
380;	33137;	33218;	81;	0.19;	0.13;	0.00
381;	33218;	33317;	99;	-4.25;	-4.81;	99.62
382;	33317;	33398;	81;	5.44;	2.06;	194.56
383;	33398;	33476;	78;	-0.81;	2.00;	313.12
384;	33476;	33555;	79;	-8.94;	4.25;	348.62
385;	33555;	33633;	78;	-6.62;	3.87;	369.31
386;	33633;	33711;	78;	-5.19;	19.00;	350.62
387;	33711;	33789;	78;	9.81;	12.88;	355.31
388;	33789;	33870;	81;	-17.56;	2.31;	319.31
389;	33870;	33967;	97;	8.38;	-8.31;	179.63
390;	33967;	34045;	78;	-1.75;	2.25;	59.81
391;	34045;	34123;	78;	-0.19;	1.12;	-4.31
392;	34123;	34202;	79;	0.13;	0.13;	-0.69
393;	34202;	34288;	86;	0.19;	0.50;	-0.37
394;	34288;	34365;	77;	-0.62;	-3.44;	-19.00
395;	34365;	34443;	78;	1.00;	-1.00;	-127.81
396;	34443;	34523;	80;	1.25;	-3.31;	-171.81
397;	34523;	34603;	80;	-5.37;	-0.37;	-263.75
398;	34603;	34692;	89;	2.94;	-1.31;	-219.56
399;	34692;	34773;	81;	-5.69;	-1.19;	-163.50
400;	34773;	34853;	80;	0.50;	0.44;	-2.87
401;	34853;	34931;	78;	0.13;	0.13;	-0.06
402;	34931;	35010;	79;	-9.56;	2.00;	11.31
403;	35010;	35088;	78;	4.81;	6.00;	-7.37
404;	35088;	35174;	86;	-7.75;	14.69;	-2.75
405;	35174;	35254;	80;	-2.06;	66.44;	-11.81
406;	35254;	35349;	95;	-4.25;	201.06;	-9.50
407;	35349;	35427;	78;	51.25;	242.75;	-2.25
408;	35427;	35506;	79;	42.69;	258.44;	-5.81
409;	35506;	35583;	77;	12.25;	281.38;	18.12
410;	35583;	35663;	80;	-17.62;	274.44;	5.62
411;	35663;	35741;	78;	59.31;	270.12;	-2.75
412;	35741;	35819;	78;	-7.19;	298.13;	-43.56
413;	35819;	35897;	78;	-26.50;	317.06;	-92.37
414;	35897;	35977;	80;	-32.25;	309.62;	-40.06
415;	35977;	36057;	80;	-107.25;	309.44;	-49.19
416;	36057;	36154;	97;	8.56;	143.75;	-39.50
417;	36154;	36231;	77;	-25.69;	183.25;	-18.81
418;	36231;	36309;	78;	0.06;	158.44;	45.00
419;	36309;	36387;	78;	17.56;	146.56;	-3.69
420;	36387;	36468;	81;	29.37;	113.56;	-21.31
421;	36468;	36546;	78;	29.00;	90.50;	-3.12
422;	36546;	36643;	97;	80.62;	77.06;	10.56
423;	36643;	36721;	78;	21.37;	21.00;	1.37
424;	36721;	36799;	78;	-24.00;	-50.75;	-24.75
425;	36799;	36879;	80;	-106.87;	-88.81;	-5.94
426;	36879;	36959;	80;	-9.75;	-78.50;	-1.81
427;	36959;	37045;	86;	33.88;	-130.00;	37.31
428;	37045;	37122;	77;	22.50;	-169.00;	120.19
429;	37122;	37200;	78;	15.88;	-211.06;	136.12
430;	37200;	37281;	81;	-16.06;	-269.69;	113.12
431;	37281;	37361;	80;	-73.31;	-236.75;	102.31
432;	37361;	37439;	78;	-95.62;	-248.81;	87.69
433;	37439;	37531;	92;	-99.19;	-268.31;	26.50
434;	37531;	37611;	80;	-73.50;	-255.37;	33.69
435;	37611;	37689;	78;	-57.31;	-262.50;	53.94
436;	37689;	37768;	79;	-11.50;	-303.44;	52.00
437;	37768;	37846;	78;	-89.81;	-346.81;	45.81
438;	37846;	37932;	86;	-167.56;	-346.19;	48.81
439;	37932;	38029;	97;	-41.25;	-317.69;	15.94
440;	38029;	38107;	78;	-68.81;	-345.00;	7.50
441;	38107;	38185;	78;	-12.06;	-289.44;	-18.81
442;	38185;	38265;	80;	34.00;	-265.00;	-35.63
443;	38265;	38343;	78;	4.81;	-271.44;	-31.94
444;	38343;	38424;	81;	63.00;	-356.44;	33.25
445;	38424;	38502;	78;	126.94;	-339.50;	68.25
446;	38502;	38581;	79;	38.63;	-317.31;	136.19
447;	38581;	38659;	78;	-67.81;	-239.12;	83.31
448;	38659;	38737;	78;	53.06;	-134.00;	31.37
449;	38737;	38824;	87;	106.81;	-155.12;	71.62
450;	38824;	38912;	88;	126.25;	-157.06;	93.25
451;	38912;	38990;	78;	99.25;	-161.81;	97.56
452;	38990;	39068;	78;	19.50;	-132.44;	90.56
453;	39068;	39146;	78;	19.06;	-80.12;	71.50
454;	39146;	39226;	80;	-30.00;	29.81;	-23.44
455;	39226;	39321;	95;	-95.87;	141.12;	-123.75
456;	39321;	39399;	78;	-53.87;	170.69;	-165.62
457;	39399;	39478;	79;	-179.31;	248.81;	-184.37
458;	39478;	39555;	77;	-174.06;	255.37;	-172.37
459;	39555;	39634;	79;	-147.13;	265.62;	-147.37
460;	39634;	39720;	86;	-123.81;	263.56;	-89.94
461;	39720;	39797;	77;	-127.38;	323.31;	-69.62
462;	39797;	39877;	80;	-176.81;	372.37;	-24.87
463;	39877;	39955;	78;	-150.12;	356.69;	17.06
464;	39955;	40033;	78;	-182.50;	351.19;	53.25
465;	40033;	40111;	78;	-53.06;	242.50;	70.94
466;	40111;	40191;	80;	-58.56;	125.62;	43.31
467;	40191;	40281;	90;	7.69;	24.19;	11.75
468;	40281;	40359;	78;	41.13;	16.56;	3.19
469;	40359;	40440;	81;	-96.63;	-20.37;	-4.62
470;	40440;	40521;	81;	-41.88;	6.31;	3.81
471;	40521;	40607;	86;	23.00;	-5.31;	-8.81
472;	40607;	40701;	94;	7.56;	1.81;	-0.50
473;	40701;	40781;	80;	1.31;	0.62;	1.06
474;	40781;	40858;	77;	2.31;	-0.56;	1.62
475;	40858;	40935;	77;	3.81;	0.06;	-0.69
476;	40935;	41013;	78;	5.94;	-0.75;	0.00
477;	41013;	41093;	80;	12.75;	-2.94;	5.44
478;	41093;	41173;	80;	94.13;	-2.69;	11.00
479;	41173;	41251;	78;	205.19;	-35.06;	-9.06
480;	41251;	41331;	80;	66.31;	0.69;	-7.00
481;	41331;	41409;	78;	98.69;	-22.87;	6.06
482;	41409;	41487;	78;	38.25;	-21.19;	-31.25
483;	41487;	41606;	119;	234.81;	-35.44;	21.00
484;	41606;	41696;	90;	258.06;	-8.94;	29.63
485;	41696;	41776;	80;	147.62;	1.94;	13.44
486;	41776;	41854;	78;	299.25;	-23.00;	-26.50
487;	41854;	41935;	81;	247.19;	-39.50;	-31.75
488;	41935;	42047;	112;	284.50;	-3.75;	-13.19
489;	42047;	42126;	79;	337.38;	-10.81;	-0.88
490;	42126;	42204;	78;	417.94;	-62.50;	38.50
491;	42204;	42283;	79;	264.12;	-56.88;	-24.06
492;	42283;	42360;	77;	278.50;	-74.06;	-27.44
493;	42360;	42439;	79;	248.38;	-16.56;	-53.31
494;	42439;	42525;	86;	147.87;	11.81;	-64.56
495;	42525;	42602;	77;	145.38;	34.38;	-81.31
496;	42602;	42680;	78;	48.50;	33.75;	-52.31
497;	42680;	42758;	78;	-80.38;	-41.13;	18.50
498;	42758;	42838;	80;	-195.00;	-33.88;	37.56
499;	42838;	42916;	78;	-437.38;	-14.31;	81.19
500;	42916;	42995;	79;	-270.31;	-45.94;	88.69
501;	42995;	43073;	78;	-467.06;	-115.19;	43.75
502;	43073;	43163;	90;	-325.06;	-77.19;	11.81
503;	43163;	43241;	78;	-329.75;	-62.56;	19.56
504;	43241;	43318;	77;	-234.87;	-30.31;	5.75
505;	43318;	43423;	105;	-273.38;	-16.06;	101.50
506;	43423;	43502;	79;	-267.19;	-58.81;	115.25
507;	43502;	43581;	79;	-272.94;	-0.88;	75.50
508;	43581;	43658;	77;	-223.62;	9.50;	41.13
509;	43658;	43736;	78;	-136.50;	-7.87;	34.31
510;	43736;	43813;	77;	-232.81;	-1.25;	37.50
511;	43813;	43892;	79;	-305.12;	-37.94;	17.94
512;	43892;	43969;	77;	3.87;	34.88;	6.75
513;	43969;	44048;	79;	-26.19;	3.00;	8.06
514;	44048;	44126;	78;	-236.62;	-18.37;	17.87
515;	44126;	44204;	78;	142.13;	-33.50;	-1.31
516;	44204;	44292;	88;	43.13;	35.63;	-30.19
517;	44292;	44369;	77;	-182.44;	27.62;	-15.50
518;	44369;	44446;	77;	-104.31;	-15.81;	-13.69
519;	44446;	44536;	90;	-32.44;	-16.81;	-19.50
520;	44536;	44614;	78;	-255.19;	-10.13;	-12.94
521;	44614;	44711;	97;	-307.56;	-45.50;	-15.06
522;	44711;	44789;	78;	-258.87;	-19.62;	21.56
523;	44789;	44867;	78;	-157.94;	-23.69;	39.19
524;	44867;	44946;	79;	-105.81;	-2.87;	11.06
525;	44946;	45024;	78;	-134.19;	-5.75;	7.25
526;	45024;	45105;	81;	-128.69;	10.88;	9.81
527;	45105;	45194;	89;	-144.87;	18.56;	-2.56
528;	45194;	45271;	77;	-76.12;	13.13;	1.56
529;	45271;	45349;	78;	-71.94;	6.56;	-15.25
530;	45349;	45427;	78;	-30.12;	-3.75;	-10.69
531;	45427;	45507;	80;	173.38;	-8.50;	6.87
532;	45507;	45587;	80;	421.81;	12.31;	0.44
533;	45587;	45665;	78;	446.87;	-8.63;	-22.44
534;	45665;	45744;	79;	359.69;	22.06;	16.00
535;	45744;	45822;	78;	347.44;	15.94;	-22.31
536;	45822;	45911;	89;	439.75;	6.56;	-34.06
537;	45911;	45990;	79;	286.37;	-11.50;	-37.25
538;	45990;	46092;	102;	248.50;	23.06;	-34.31
539;	46092;	46170;	78;	336.50;	17.06;	-64.00
540;	46170;	46250;	80;	224.37;	31.62;	-18.87
541;	46250;	46328;	78;	210.13;	-7.56;	45.31
542;	46328;	46408;	80;	154.00;	-10.19;	-14.56
543;	46408;	46487;	79;	291.19;	6.87;	-38.00
544;	46487;	46564;	77;	250.00;	4.00;	-52.19
545;	46564;	46642;	78;	236.75;	-2.37;	-44.94
546;	46642;	46720;	78;	283.06;	23.62;	-32.38
547;	46720;	46801;	81;	214.56;	34.56;	-21.06
548;	46801;	46879;	78;	117.31;	-6.56;	-10.63
549;	46879;	46967;	88;	33.25;	12.56;	16.00
550;	46967;	47045;	78;	-118.37;	13.38;	25.19
551;	47045;	47123;	78;	-199.25;	21.12;	11.75
552;	47123;	47203;	80;	-251.37;	32.81;	25.12
553;	47203;	47292;	89;	-365.69;	-9.88;	-12.44
554;	47292;	47386;	94;	-184.87;	10.25;	-45.56
555;	47386;	47465;	79;	-341.56;	29.69;	-52.88
556;	47465;	47544;	79;	-618.19;	47.25;	-33.56
557;	47544;	47622;	78;	-70.44;	-19.94;	-16.31
558;	47622;	47702;	80;	-229.87;	-35.50;	5.56
559;	47702;	47779;	77;	-149.75;	-30.50;	-0.06
560;	47779;	47865;	86;	-194.81;	-9.69;	9.94
561;	47865;	47945;	80;	-88.94;	-12.25;	15.94
562;	47945;	48022;	77;	-44.75;	-11.12;	18.37
563;	48022;	48101;	79;	-23.19;	-2.87;	26.69
564;	48101;	48179;	78;	34.88;	19.69;	14.63
565;	48179;	48257;	78;	11.12;	4.50;	3.87
566;	48257;	48335;	78;	0.13;	1.94;	5.56
567;	48335;	48416;	81;	21.87;	-8.69;	0.19
568;	48416;	48496;	80;	9.50;	-10.88;	-20.12
569;	48496;	48574;	78;	5.19;	-22.25;	-30.94
570;	48574;	48653;	79;	148.62;	25.12;	-4.37
571;	48653;	48760;	107;	16.25;	-4.44;	15.06
572;	48760;	48846;	86;	-133.81;	21.25;	14.50
573;	48846;	48923;	77;	71.44;	-8.81;	12.81
574;	48923;	49001;	78;	0.81;	1.87;	-0.06
575;	49001;	49079;	78;	0.94;	1.06;	0.13
576;	49079;	49159;	80;	0.37;	0.25;	-0.06
577;	49159;	49239;	80;	0.50;	0.44;	0.00
578;	49239;	49319;	80;	0.37;	0.31;	-0.13
579;	49319;	49399;	80;	0.31;	0.19;	-0.06
580;	49399;	49477;	78;	0.31;	0.13;	-0.06
581;	49477;	49556;	79;	2.12;	1.00;	0.19
582;	49556;	49634;	78;	0.44;	0.19;	0.06
583;	49634;	49712;	78;	1.06;	0.06;	8.75
584;	49712;	49798;	86;	0.50;	0.13;	12.56
585;	49798;	49875;	77;	0.37;	0.25;	0.00
586;	49875;	49953;	78;	0.31;	-0.06;	0.06
587;	49953;	50060;	107;	0.25;	0.25;	-0.13
588;	50060;	50140;	80;	0.19;	0.06;	0.00
589;	50140;	50220;	80;	0.19;	0.13;	0.00
590;	50220;	50300;	80;	0.19;	0.13;	-0.13
591;	50300;	50377;	77;	-0.75;	-0.37;	-0.06
592;	50377;	50455;	78;	-3.31;	0.13;	-21.19
593;	50455;	50533;	78;	8.81;	3.12;	2.00
594;	50533;	50613;	80;	-10.56;	19.56;	-0.25
595;	50613;	50690;	77;	2.00;	45.06;	-45.88
596;	50690;	50776;	86;	-35.75;	-12.25;	-23.44
597;	50776;	50855;	79;	-81.63;	4.06;	-11.88
598;	50855;	50933;	78;	-60.06;	-21.12;	-0.88
599;	50933;	51014;	81;	-126.87;	-22.94;	-1.06
600;	51014;	51092;	78;	-194.00;	-35.31;	-4.81
601;	51092;	51171;	79;	-164.00;	-19.94;	7.62
602;	51171;	51248;	77;	-183.87;	33.69;	7.69
603;	51248;	51327;	79;	-207.62;	17.75;	-11.06
604;	51327;	51424;	97;	-47.56;	10.19;	-30.19
605;	51424;	51515;	91;	-179.94;	-25.25;	-21.62
606;	51515;	51593;	78;	-168.81;	-29.69;	-15.25
607;	51593;	51680;	87;	-83.19;	-21.94;	10.00
608;	51680;	51758;	78;	-67.12;	-2.87;	20.69
609;	51758;	51836;	78;	-105.31;	0.25;	19.50
610;	51836;	51917;	81;	-229.50;	-15.88;	7.31
611;	51917;	51994;	77;	-332.81;	-16.87;	-25.25
612;	51994;	52072;	78;	105.75;	-14.94;	-23.44
613;	52072;	52150;	78;	-128.25;	-52.19;	-11.38
614;	52150;	52229;	79;	-0.13;	-8.44;	-18.31
615;	52229;	52309;	80;	-4.75;	-0.06;	-19.12
616;	52309;	52387;	78;	-35.50;	15.31;	8.75
617;	52387;	52467;	80;	-47.38;	2.19;	37.75
618;	52467;	52553;	86;	-78.25;	14.13;	9.19
619;	52553;	52631;	78;	-75.06;	14.94;	19.12
620;	52631;	52728;	97;	-32.38;	-9.75;	0.00
621;	52728;	52808;	80;	-91.69;	5.81;	-11.81
622;	52808;	52897;	89;	-18.81;	-10.94;	-0.13
623;	52897;	52975;	78;	-85.81;	2.69;	-22.31
624;	52975;	53053;	78;	-64.94;	3.25;	-0.25
625;	53053;	53132;	79;	-102.06;	29.37;	1.69
626;	53132;	53212;	80;	-199.06;	52.94;	-30.56
627;	53212;	53290;	78;	-84.00;	-13.88;	-27.69
628;	53290;	53370;	80;	-217.37;	-12.63;	4.31
629;	53370;	53447;	77;	-92.31;	-9.25;	-4.00
630;	53447;	53533;	86;	-70.00;	-15.13;	3.81
631;	53533;	53613;	80;	-185.00;	-11.75;	8.31
632;	53613;	53691;	78;	-12.06;	-23.56;	3.56
633;	53691;	53771;	80;	-61.37;	5.75;	-27.44
634;	53771;	53849;	78;	-77.50;	20.62;	2.94
635;	53849;	53927;	78;	-51.19;	-2.37;	18.69
636;	53927;	54005;	78;	-158.06;	31.81;	-32.13
637;	54005;	54103;	98;	-90.69;	-30.06;	21.94
638;	54103;	54184;	81;	-99.75;	-18.81;	17.87
639;	54184;	54276;	92;	-105.12;	-19.19;	-13.62
640;	54276;	54354;	78;	-130.63;	7.62;	-4.56
641;	54354;	54490;	136;	-271.25;	-31.75;	-45.81
642;	54490;	54568;	78;	13.81;	-14.56;	-3.19
643;	54568;	54646;	78;	-83.12;	4.50;	3.06
644;	54646;	54726;	80;	-216.00;	-9.38;	22.37
645;	54726;	54804;	78;	10.19;	22.87;	4.62
646;	54804;	54883;	79;	-8.31;	44.19;	-15.44
647;	54883;	54961;	78;	-110.00;	25.31;	-22.00
648;	54961;	55039;	78;	-163.37;	17.00;	-24.25
649;	55039;	55118;	79;	20.19;	-2.81;	-3.50
650;	55118;	55196;	78;	-101.44;	17.56;	-2.06
651;	55196;	55276;	80;	-194.00;	-5.37;	5.06
652;	55276;	55362;	86;	-327.31;	-6.12;	13.00
653;	55362;	55458;	96;	-160.56;	31.50;	-15.88
654;	55458;	55539;	81;	-44.06;	-22.25;	-17.37
655;	55539;	55619;	80;	-184.19;	-5.31;	-6.06
656;	55619;	55708;	89;	-121.31;	-61.75;	10.94
657;	55708;	55788;	80;	-118.19;	18.56;	-1.62
658;	55788;	55868;	80;	-114.62;	6.69;	3.44
659;	55868;	55946;	78;	-58.38;	-2.87;	1.87
660;	55946;	56024;	78;	-205.56;	48.81;	-13.19
661;	56024;	56102;	78;	-76.75;	-31.87;	-10.31
662;	56102;	56182;	80;	-46.94;	14.63;	13.13
663;	56182;	56268;	86;	-150.87;	11.25;	28.62
664;	56268;	56345;	77;	-156.63;	19.69;	7.00
665;	56345;	56423;	78;	-224.62;	54.19;	-64.25
666;	56423;	56501;	78;	-166.88;	43.63;	-24.37
667;	56501;	56582;	81;	-166.12;	20.37;	7.44
668;	56582;	56660;	78;	-252.38;	55.44;	-23.38
669;	56660;	56739;	79;	-147.62;	-37.44;	12.44
670;	56739;	56868;	129;	-107.19;	-17.06;	-5.69
671;	56868;	56946;	78;	-42.81;	35.31;	-24.94
672;	56946;	57025;	79;	-53.38;	41.06;	-0.25
673;	57025;	57114;	89;	-109.31;	51.37;	22.69
674;	57114;	57203;	89;	-122.69;	10.06;	0.69
675;	57203;	57284;	81;	-76.75;	-14.13;	-19.81
676;	57284;	57362;	78;	-32.19;	-11.00;	-11.38
677;	57362;	57441;	79;	-20.44;	3.62;	-26.50
678;	57441;	57519;	78;	-49.19;	-17.62;	-26.37
679;	57519;	57597;	78;	-26.50;	-13.75;	-13.31
680;	57597;	57676;	79;	-32.81;	-2.00;	2.19
681;	57676;	57754;	78;	-17.81;	7.50;	-8.50
682;	57754;	57834;	80;	12.37;	3.75;	-13.50
683;	57834;	57912;	78;	1.44;	3.19;	-3.69
684;	57912;	57990;	78;	8.13;	-1.25;	-2.50
685;	57990;	58068;	78;	48.81;	-3.37;	-14.87
686;	58068;	58173;	105;	264.00;	-17.00;	-56.56
687;	58173;	58250;	77;	310.56;	-15.50;	-41.06
688;	58250;	58329;	79;	211.56;	1.50;	-105.94
689;	58329;	58407;	78;	136.37;	-5.37;	3.19
690;	58407;	58499;	92;	-75.25;	26.50;	30.12
691;	58499;	58579;	80;	229.94;	35.50;	32.88
692;	58579;	58656;	77;	364.31;	15.44;	10.00
693;	58656;	58735;	79;	270.00;	-3.62;	0.25
694;	58735;	58813;	78;	249.12;	-11.44;	-15.69
695;	58813;	58891;	78;	87.88;	-2.00;	19.31
696;	58891;	58969;	78;	95.12;	34.31;	-38.31
697;	58969;	59058;	89;	256.56;	9.94;	7.12
698;	59058;	59138;	80;	310.13;	-20.31;	-9.31
699;	59138;	59216;	78;	154.44;	-44.00;	-4.06
700;	59216;	59294;	78;	106.50;	-40.25;	-18.62
701;	59294;	59372;	78;	112.25;	-7.75;	-11.69
702;	59372;	59452;	80;	121.37;	7.19;	4.62
703;	59452;	59550;	98;	191.56;	5.81;	-0.25
704;	59550;	59629;	79;	168.06;	7.37;	6.81
705;	59629;	59707;	78;	99.06;	-14.50;	0.69
706;	59707;	59785;	78;	159.56;	-26.75;	-21.94
707;	59785;	59863;	78;	150.44;	-9.00;	-17.31
708;	59863;	59963;	100;	99.44;	28.38;	-6.31
709;	59963;	60043;	80;	271.69;	-15.56;	-16.31
710;	60043;	60120;	77;	207.25;	-35.13;	-2.56
711;	60120;	60198;	78;	81.94;	-7.94;	-15.75
712;	60198;	60276;	78;	84.69;	-9.25;	-5.62
713;	60276;	60355;	79;	157.25;	-18.25;	9.50
714;	60355;	60435;	80;	-3.81;	24.69;	-8.56
715;	60435;	60513;	78;	346.94;	-7.50;	0.88
716;	60513;	60593;	80;	454.00;	-29.81;	-34.69
717;	60593;	60670;	77;	145.81;	-43.50;	-13.56
718;	60670;	60747;	77;	-131.19;	-46.31;	-8.19
719;	60747;	60842;	95;	312.75;	16.75;	-33.63
720;	60842;	60928;	86;	132.06;	40.75;	-41.50
721;	60928;	61007;	79;	118.69;	-16.12;	-4.37
722;	61007;	61087;	80;	206.06;	-28.94;	-25.25
723;	61087;	61165;	78;	181.00;	-94.44;	-21.44
724;	61165;	61245;	80;	165.69;	-65.75;	3.75
725;	61245;	61334;	89;	38.13;	-22.19;	13.19
726;	61334;	61411;	77;	160.06;	31.62;	-50.50
727;	61411;	61489;	78;	96.94;	97.75;	-39.69
728;	61489;	61566;	77;	62.13;	77.56;	14.63
729;	61566;	61646;	80;	61.94;	50.75;	-2.37
730;	61646;	61724;	78;	91.06;	7.44;	2.87
731;	61724;	61810;	86;	105.75;	22.75;	-33.63
732;	61810;	61889;	79;	135.19;	10.63;	-43.13
733;	61889;	61966;	77;	111.31;	-5.56;	-19.25
734;	61966;	62044;	78;	96.25;	38.69;	36.63
735;	62044;	62122;	78;	182.31;	1.56;	-17.94
736;	62122;	62218;	96;	212.19;	-42.13;	-25.44
737;	62218;	62298;	80;	148.50;	16.25;	10.00
738;	62298;	62376;	78;	258.94;	94.94;	9.25
739;	62376;	62454;	78;	164.50;	45.81;	0.00
740;	62454;	62532;	78;	173.62;	-11.12;	98.69
741;	62532;	62612;	80;	46.44;	-11.88;	42.75
742;	62612;	62712;	100;	112.88;	7.25;	40.56
743;	62712;	62792;	80;	79.06;	9.13;	23.44
744;	62792;	62870;	78;	87.25;	-16.00;	20.12
745;	62870;	62950;	80;	47.69;	-20.37;	20.88
746;	62950;	63028;	78;	2.69;	-14.69;	-10.63
747;	63028;	63106;	78;	15.06;	-8.13;	6.56
748;	63106;	63184;	78;	5.62;	16.94;	-4.69
749;	63184;	63264;	80;	-31.37;	11.38;	0.31
750;	63264;	63344;	80;	7.87;	41.06;	-7.56
751;	63344;	63422;	78;	-16.44;	84.25;	-3.94
752;	63422;	63519;	97;	-19.75;	165.88;	5.75
753;	63519;	63597;	78;	9.56;	246.62;	46.00
754;	63597;	63683;	86;	83.37;	102.12;	54.25
755;	63683;	63763;	80;	9.00;	112.19;	23.38
756;	63763;	63843;	80;	14.75;	75.31;	9.44
757;	63843;	63920;	77;	-31.25;	59.44;	-7.94
758;	63920;	63998;	78;	-19.06;	36.69;	19.75
759;	63998;	64088;	90;	240.44;	30.50;	-14.50
760;	64088;	64167;	79;	187.31;	55.81;	-60.69
761;	64167;	64247;	80;	-19.75;	150.31;	-36.13
762;	64247;	64325;	78;	-26.50;	185.06;	-4.62
763;	64325;	64405;	80;	9.06;	174.56;	-9.38
764;	64405;	64483;	78;	-31.06;	183.00;	-8.06
765;	64483;	64569;	86;	-66.31;	242.13;	54.25
766;	64569;	64648;	79;	-59.25;	320.12;	109.50
767;	64648;	64726;	78;	-9.94;	215.69;	85.75
768;	64726;	64806;	80;	4.87;	65.00;	56.25
769;	64806;	64901;	95;	16.37;	45.56;	51.37
770;	64901;	64979;	78;	16.87;	156.63;	-18.25
771;	64979;	65059;	80;	-33.00;	197.25;	-75.94
772;	65059;	65137;	78;	38.56;	133.37;	-18.00
773;	65137;	65216;	79;	10.88;	171.75;	-43.44
774;	65216;	65294;	78;	6.56;	183.31;	33.31
775;	65294;	65372;	78;	39.50;	68.37;	85.25
776;	65372;	65471;	99;	-22.13;	157.37;	66.56
777;	65471;	65551;	80;	-37.94;	163.62;	-6.69
778;	65551;	65629;	78;	-51.75;	222.00;	-37.44
779;	65629;	65709;	80;	143.37;	260.44;	-9.44
780;	65709;	65787;	78;	122.50;	221.06;	-18.31
781;	65787;	65865;	78;	-23.56;	183.87;	-28.75
782;	65865;	65943;	78;	-44.50;	140.56;	-16.94
783;	65943;	66023;	80;	42.81;	236.62;	-38.50
784;	66023;	66103;	80;	34.19;	169.50;	-44.06
785;	66103;	66197;	94;	6.87;	160.37;	-66.37
786;	66197;	66275;	78;	-19.81;	137.81;	2.50
787;	66275;	66362;	87;	-20.69;	77.94;	-11.44
788;	66362;	66440;	78;	-50.94;	122.75;	-39.31
789;	66440;	66518;	78;	-19.87;	-34.19;	-1.12
790;	66518;	66596;	78;	0.06;	-215.12;	21.56
791;	66596;	66675;	79;	0.75;	-387.94;	44.50
792;	66675;	66755;	80;	-37.19;	-470.00;	28.31
793;	66755;	66833;	78;	-117.75;	-316.63;	41.69
794;	66833;	66924;	91;	17.12;	-383.31;	-5.06
795;	66924;	67005;	81;	-21.31;	-345.25;	-47.69
796;	67005;	67083;	78;	-66.87;	-286.00;	-0.25
797;	67083;	67162;	79;	-107.00;	-286.56;	-10.50
798;	67162;	67280;	118;	-89.25;	-54.50;	-70.81
799;	67280;	67358;	78;	132.37;	-151.25;	-96.63
800;	67358;	67436;	78;	-130.37;	-173.94;	-93.87
801;	67436;	67517;	81;	-22.31;	-137.75;	19.56
802;	67517;	67613;	96;	123.56;	-105.94;	40.94
803;	67613;	67691;	78;	76.00;	-147.13;	-14.00
804;	67691;	67769;	78;	-30.19;	-177.50;	-25.75
805;	67769;	67847;	78;	20.50;	-200.87;	-67.81
806;	67847;	67928;	81;	-39.19;	-195.69;	5.06
807;	67928;	68008;	80;	-87.69;	-142.00;	3.87
808;	68008;	68086;	78;	-76.31;	-158.06;	-34.75
809;	68086;	68173;	87;	86.69;	-270.75;	28.87
810;	68173;	68251;	78;	25.44;	-155.81;	-68.81
811;	68251;	68342;	91;	66.06;	-181.25;	-2.12
812;	68342;	68421;	79;	21.50;	-194.06;	32.88
813;	68421;	68499;	78;	-8.81;	-67.50;	111.31
814;	68499;	68580;	81;	-3.31;	-206.50;	25.56
815;	68580;	68660;	80;	-62.25;	-177.87;	11.81
816;	68660;	68737;	77;	-194.13;	-149.50;	-51.00
817;	68737;	68815;	78;	-65.00;	-37.88;	-80.44
818;	68815;	68910;	95;	-45.50;	-16.56;	-2.31
819;	68910;	68987;	77;	-19.75;	29.69;	21.56
820;	68987;	69073;	86;	3.00;	29.25;	6.81
821;	69073;	69150;	77;	4.44;	-10.00;	16.19
822;	69150;	69230;	80;	43.13;	11.63;	-8.25
823;	69230;	69309;	79;	4.56;	26.56;	0.25
824;	69309;	69387;	78;	15.38;	27.56;	4.81
825;	69387;	69465;	78;	-6.06;	139.50;	32.38
826;	69465;	69543;	78;	-67.00;	34.63;	9.88
827;	69543;	69623;	80;	6.00;	-0.62;	20.25
828;	69623;	69712;	89;	-23.50;	15.19;	7.19
829;	69712;	69790;	78;	101.50;	-82.88;	33.69
830;	69790;	69868;	78;	41.00;	-7.25;	0.19
831;	69868;	69946;	78;	0.00;	0.06;	-0.06
832;	69946;	70034;	88;	0.75;	0.37;	0.06
833;	70034;	70115;	81;	0.00;	1.44;	0.00
834;	70115;	70193;	78;	0.62;	1.31;	66.44
835;	70193;	70291;	98;	0.56;	3.00;	154.56
836;	70291;	70369;	78;	-7.19;	0.37;	165.00
837;	70369;	70447;	78;	-1.75;	-0.81;	151.12
838;	70447;	70527;	80;	3.94;	-0.06;	216.50
839;	70527;	70605;	78;	1.31;	0.25;	186.00
840;	70605;	70685;	80;	2.12;	0.06;	216.38
841;	70685;	70765;	80;	-1.19;	1.81;	185.88
842;	70765;	70843;	78;	1.81;	-1.37;	163.87
843;	70843;	70921;	78;	1.06;	-0.50;	28.00
844;	70921;	71007;	86;	0.19;	0.25;	-0.13
845;	71007;	71114;	107;	0.19;	0.13;	-0.06
846;	71114;	71192;	78;	0.19;	0.06;	0.13
847;	71192;	71270;	78;	0.25;	0.00;	0.06
848;	71270;	71348;	78;	0.19;	0.13;	0.00
849;	71348;	71429;	81;	5.87;	2.44;	101.87
850;	71429;	71506;	77;	-1.81;	-1.44;	176.94
851;	71506;	71602;	96;	-1.81;	3.94;	195.31
852;	71602;	71681;	79;	0.31;	1.56;	172.62
853;	71681;	71759;	78;	4.44;	0.00;	166.50
854;	71759;	71840;	81;	1.25;	0.69;	161.81
855;	71840;	71920;	80;	-1.62;	-0.44;	142.44
856;	71920;	72006;	86;	-0.69;	-0.06;	80.38
857;	72006;	72083;	77;	0.19;	-0.25;	23.81
858;	72083;	72161;	78;	0.69;	-0.19;	-14.75
859;	72161;	72242;	81;	0.50;	0.06;	-9.50
860;	72242;	72322;	80;	0.25;	0.19;	-0.25
861;	72322;	72400;	78;	-1.19;	2.56;	-33.44
862;	72400;	72480;	80;	0.31;	3.12;	-179.38
863;	72480;	72568;	88;	-0.06;	0.75;	-224.12
864;	72568;	72646;	78;	2.44;	-2.69;	-261.94
865;	72646;	72725;	79;	-4.19;	-0.19;	-278.75
866;	72725;	72803;	78;	24.75;	4.06;	-325.94
867;	72803;	72883;	80;	-0.94;	-3.00;	-308.69
868;	72883;	72974;	91;	-8.75;	-1.06;	-295.19
869;	72974;	73051;	77;	-3.94;	0.37;	-260.69
870;	73051;	73130;	79;	-3.25;	3.69;	-267.56
871;	73130;	73208;	78;	0.19;	-0.62;	-224.88
872;	73208;	73286;	78;	0.94;	1.06;	17.37
873;	73286;	73364;	78;	1.31;	0.56;	51.06
874;	73364;	73445;	81;	0.13;	-0.13;	18.44
875;	73445;	73524;	79;	0.25;	0.06;	12.56
876;	73524;	73602;	78;	0.06;	0.13;	9.88
877;	73602;	73680;	78;	0.31;	0.19;	5.06
878;	73680;	73758;	78;	0.25;	-0.13;	2.69
879;	73758;	73846;	88;	1.81;	1.00;	-68.19
880;	73846;	73937;	91;	10.00;	-3.94;	-102.75
881;	73937;	74015;	78;	-29.56;	-3.69;	-131.06
882;	74015;	74095;	80;	3.56;	3.56;	-171.00
883;	74095;	74174;	79;	6.06;	2.87;	-246.69
884;	74174;	74251;	77;	-2.62;	0.94;	-245.50
885;	74251;	74347;	96;	-13.19;	2.06;	-253.00
886;	74347;	74428;	81;	1.87;	1.06;	-226.06
887;	74428;	74506;	78;	0.37;	1.69;	-249.94
888;	74506;	74585;	79;	1.56;	2.44;	-237.56
889;	74585;	74662;	77;	0.06;	1.50;	-212.19
890;	74662;	74741;	79;	-0.69;	0.37;	-172.37
891;	74741;	74827;	86;	3.50;	1.75;	-113.81
892;	74827;	74904;	77;	3.56;	1.62;	-192.19
893;	74904;	74982;	78;	-18.06;	-0.06;	-205.69
894;	74982;	75060;	78;	5.56;	1.00;	-112.12
895;	75060;	75141;	81;	0.31;	0.19;	0.00
896;	75141;	75221;	80;	-0.75;	0.00;	9.31
897;	75221;	75301;	80;	1.94;	-0.69;	95.94
898;	75301;	75392;	91;	-3.75;	-0.94;	98.12
899;	75392;	75470;	78;	0.94;	-0.75;	85.69
900;	75470;	75550;	80;	16.37;	-1.37;	128.81
901;	75550;	75648;	98;	-2.06;	-0.44;	116.56
902;	75648;	75734;	86;	1.00;	-2.31;	171.62
903;	75734;	75811;	77;	6.31;	2.50;	206.63
904;	75811;	75891;	80;	0.56;	0.31;	178.69
905;	75891;	75968;	77;	5.31;	-3.00;	151.31
906;	75968;	76046;	78;	6.37;	0.06;	173.44
907;	76046;	76124;	78;	9.81;	-6.12;	195.19
908;	76124;	76204;	80;	4.56;	7.69;	190.19
909;	76204;	76284;	80;	-1.56;	0.94;	132.50
910;	76284;	76362;	78;	-24.06;	3.81;	132.25
911;	76362;	76442;	80;	-6.00;	-1.12;	111.37
912;	76442;	76520;	78;	-3.56;	2.31;	131.37
913;	76520;	76598;	78;	-1.06;	-0.06;	139.00
914;	76598;	76684;	86;	2.31;	-0.88;	137.25
915;	76684;	76773;	89;	4.31;	-3.37;	126.44
916;	76773;	76852;	79;	1.94;	-2.94;	139.19
917;	76852;	76929;	77;	4.81;	0.94;	161.06
918;	76929;	77026;	97;	-0.44;	0.94;	104.12
919;	77026;	77107;	81;	5.37;	0.06;	95.94
920;	77107;	77187;	80;	0.37;	0.06;	-0.06
921;	77187;	77264;	77;	0.25;	0.13;	-0.06
922;	77264;	77342;	78;	0.31;	0.06;	0.00
923;	77342;	77420;	78;	0.31;	0.19;	0.06
924;	77420;	77499;	79;	0.13;	0.13;	-0.06
925;	77499;	77579;	80;	0.13;	0.13;	0.13
926;	77579;	77667;	88;	0.13;	0.25;	0.00
927;	77667;	77747;	80;	1.19;	0.31;	0.19
928;	77747;	77827;	80;	-2.44;	0.50;	92.00
929;	77827;	77907;	80;	0.25;	-0.88;	129.75
930;	77907;	77986;	79;	2.75;	0.88;	171.50
931;	77986;	78063;	77;	2.25;	-0.06;	181.19
932;	78063;	78152;	89;	1.25;	1.25;	193.81
933;	78152;	78230;	78;	0.13;	-0.13;	228.44
934;	78230;	78327;	97;	-6.50;	-0.75;	181.44
935;	78327;	78405;	78;	2.75;	0.56;	222.19
936;	78405;	78483;	78;	-4.25;	1.00;	195.44
937;	78483;	78562;	79;	0.19;	-0.81;	183.25
938;	78562;	78650;	88;	1.50;	-1.19;	160.12
939;	78650;	78727;	77;	-1.62;	-1.69;	173.94
940;	78727;	78804;	77;	20.50;	4.37;	66.94
941;	78804;	78881;	77;	0.44;	0.44;	-0.19
942;	78881;	78962;	81;	0.25;	0.13;	-0.13
943;	78962;	79042;	80;	0.25;	0.25;	0.00
944;	79042;	79120;	78;	0.19;	0.25;	-0.13
945;	79120;	79198;	78;	0.25;	0.31;	0.00
946;	79198;	79276;	78;	0.75;	0.31;	0.00
947;	79276;	79355;	79;	-2.50;	-0.06;	176.56
948;	79355;	79433;	78;	9.88;	-0.75;	166.25
949;	79433;	79514;	81;	3.31;	0.56;	227.75
950;	79514;	79615;	101;	6.69;	-2.94;	280.56
951;	79615;	79713;	98;	-11.75;	3.19;	284.31
952;	79713;	79793;	80;	7.25;	-0.56;	249.37
953;	79793;	79871;	78;	8.25;	-2.25;	189.69
954;	79871;	79949;	78;	-1.56;	-1.81;	156.00
955;	79949;	80027;	78;	-2.50;	0.88;	74.19
956;	80027;	80107;	80;	2.44;	-0.19;	-3.50
957;	80107;	80185;	78;	0.31;	-0.06;	-0.25
958;	80185;	80265;	80;	0.19;	0.19;	-0.19
959;	80265;	80344;	79;	-0.37;	-0.19;	-3.12
960;	80344;	80422;	78;	0.31;	0.06;	-0.13
961;	80422;	80500;	78;	0.19;	0.13;	0.06
962;	80500;	80618;	118;	0.25;	0.13;	-0.06
963;	80618;	80698;	80;	0.19;	0.19;	0.00
964;	80698;	80776;	78;	0.19;	0.00;	0.00
965;	80776;	80854;	78;	0.19;	0.00;	-0.06
966;	80854;	80932;	78;	0.25;	-0.06;	0.06
967;	80932;	81039;	107;	0.13;	0.13;	0.00
968;	81039;	81120;	81;	0.13;	0.00;	-0.06
969;	81120;	81200;	80;	0.00;	0.00;	0.00
970;	81200;	81278;	78;	0.06;	0.00;	-0.13
971;	81278;	81357;	79;	0.00;	0.06;	0.00
972;	81357;	81435;	78;	-0.06;	-0.06;	0.00
973;	81435;	81513;	78;	0.06;	-0.13;	0.06
974;	81513;	81600;	87;	0.06;	0.00;	0.00
975;	81600;	81677;	77;	0.00;	-0.06;	0.00
976;	81677;	81755;	78;	0.00;	0.00;	-0.06
977;	81755;	81833;	78;	0.00;	-0.19;	0.13
978;	81833;	81913;	80;	-0.06;	-0.06;	-0.06
979;	81913;	81993;	80;	0.00;	0.00;	-0.06
980;	81993;	82073;	80;	0.00;	0.00;	0.00
981;	82073;	82153;	80;	0.06;	0.00;	0.06
982;	82153;	82231;	78;	0.00;	-0.06;	-0.13
983;	82231;	82310;	79;	0.00;	0.13;	-0.06
984;	82310;	82416;	106;	0.13;	0.00;	0.00
985;	82416;	82495;	79;	0.06;	0.00;	0.00
986;	82495;	82583;	88;	-0.19;	0.00;	0.06
987;	82583;	82663;	80;	0.13;	-0.13;	-0.06
988;	82663;	82743;	80;	0.06;	0.06;	-0.19
989;	82743;	82823;	80;	0.06;	-0.06;	0.00
990;	82823;	82903;	80;	-0.06;	-0.13;	0.00
991;	82903;	82980;	77;	0.13;	-0.13;	0.00
992;	82980;	83058;	78;	-0.06;	-0.06;	0.06
993;	83058;	83137;	79;	0.00;	0.06;	0.06
994;	83137;	83217;	80;	-0.06;	0.00;	-0.13
995;	83217;	83297;	80;	-0.06;	0.00;	-0.13
996;	83297;	83377;	80;	0.06;	0.00;	0.00
997;	83377;	83457;	80;	-0.06;	-0.06;	-0.06
998;	83457;	83556;	99;	-0.06;	0.00;	-0.13
999;	83556;	83633;	77;	0.00;	0.06;	-0.06
1000;	83633;	83728;	95;	0.06;	0.00;	0.13
1001;	83728;	83819;	91;	-0.06;	0.13;	-0.06
1002;	83819;	83899;	80;	0.00;	0.00;	-0.06
1003;	83899;	83979;	80;	0.00;	0.00;	0.00
1004;	83979;	84059;	80;	-0.06;	0.00;	0.00
1005;	84059;	84137;	78;	0.00;	0.00;	0.06
1006;	84137;	84216;	79;	0.13;	-0.06;	0.00
1007;	84216;	84293;	77;	0.00;	-0.06;	0.00
1008;	84293;	84372;	79;	0.06;	0.00;	-0.06
1009;	84372;	84451;	79;	-0.06;	0.06;	0.06
1010;	84451;	84539;	88;	-0.06;	0.13;	-0.13
1011;	84539;	84619;	80;	0.00;	-0.06;	-0.13
1012;	84619;	84698;	79;	0.06;	-0.06;	0.06
1013;	84698;	84776;	78;	0.00;	-0.13;	0.00
1014;	84776;	84854;	78;	0.06;	-0.19;	-0.06
1015;	84854;	84933;	79;	0.00;	-0.25;	-0.13
1016;	84933;	85013;	80;	-0.06;	-0.06;	-0.06
1017;	85013;	85110;	97;	0.06;	-0.06;	0.00
1018;	85110;	85214;	104;	0.00;	0.00;	0.00
1019;	85214;	85293;	79;	-0.06;	0.06;	0.06
1020;	85293;	85373;	80;	0.06;	0.00;	0.13
1021;	85373;	85454;	81;	-0.06;	0.06;	-0.06
1022;	85454;	85543;	89;	0.00;	0.00;	0.06
1023;	85543;	85624;	81;	0.00;	0.19;	-0.13
1024;	85624;	85704;	80;	0.13;	0.06;	-0.13
1025;	85704;	85785;	81;	0.00;	-0.13;	-0.06
1026;	85785;	85865;	80;	0.00;	-0.06;	0.00
1027;	85865;	85943;	78;	0.06;	0.00;	-0.13
1028;	85943;	86022;	79;	0.00;	0.00;	0.00
1029;	86022;	86100;	78;	-0.06;	0.06;	0.00
1030;	86100;	86178;	78;	-0.13;	0.00;	0.06
1031;	86178;	86257;	79;	0.00;	0.00;	-0.13
1032;	86257;	86337;	80;	-0.06;	-0.06;	0.00
1033;	86337;	86435;	98;	-0.13;	0.19;	-0.06
1034;	86435;	86523;	88;	0.00;	-0.06;	0.00
1035;	86523;	86611;	88;	0.00;	0.06;	-0.06
1036;	86611;	86690;	79;	0.06;	-0.06;	-0.13
1037;	86690;	86769;	79;	0.06;	-0.06;	0.06
1038;	86769;	86848;	79;	0.13;	-0.13;	-0.13
1039;	86848;	86928;	80;	0.13;	-0.13;	0.00
1040;	86928;	87008;	80;	0.06;	-0.06;	0.06
1041;	87008;	87089;	81;	0.00;	-0.06;	0.06
1042;	87089;	87169;	80;	0.00;	0.00;	-0.06
1043;	87169;	87247;	78;	-0.06;	-0.13;	-0.06
1044;	87247;	87326;	79;	0.00;	-0.06;	0.06
1045;	87326;	87404;	78;	0.06;	-0.13;	0.00
1046;	87404;	87490;	86;	-0.06;	-0.06;	-0.13
1047;	87490;	87571;	81;	-0.13;	0.00;	-0.06
1048;	87571;	87649;	78;	0.06;	0.00;	-0.06
1049;	87649;	87729;	80;	-0.06;	0.00;	0.00
1050;	87729;	87825;	96;	0.06;	0.13;	-0.06
1051;	87825;	87904;	79;	0.00;	-0.13;	0.00
1052;	87904;	87983;	79;	0.06;	-0.13;	-0.06
1053;	87983;	88074;	91;	0.00;	0.00;	0.00
1054;	88074;	88153;	79;	0.13;	-0.06;	0.13
1055;	88153;	88233;	80;	-0.06;	0.06;	0.06
1056;	88233;	88313;	80;	-0.06;	0.00;	0.06
1057;	88313;	88394;	81;	-0.13;	0.06;	0.00
1058;	88394;	88482;	88;	0.00;	0.13;	0.06
1059;	88482;	88562;	80;	0.00;	0.13;	0.13
1060;	88562;	88641;	79;	0.00;	0.06;	0.13
1061;	88641;	88719;	78;	0.00;	0.06;	0.06
1062;	88719;	88797;	78;	-0.06;	0.06;	0.00
1063;	88797;	88876;	79;	0.06;	-0.06;	0.06
1064;	88876;	88955;	79;	-0.13;	0.00;	-0.06
1065;	88955;	89035;	80;	-0.13;	0.00;	0.00
1066;	89035;	89134;	99;	0.00;	0.06;	0.00
1067;	89134;	89213;	79;	0.06;	-0.13;	-0.06
1068;	89213;	89291;	78;	-0.06;	-0.13;	0.06
1069;	89291;	89369;	78;	0.06;	0.06;	-0.13
1070;	89369;	89456;	87;	0.00;	0.06;	0.00
1071;	89456;	89537;	81;	-0.19;	0.06;	-0.06
1072;	89537;	89617;	80;	0.06;	-0.13;	0.00
1073;	89617;	89698;	81;	-0.06;	0.06;	0.06
1074;	89698;	89778;	80;	0.00;	-0.13;	0.13
1075;	89778;	89856;	78;	-0.13;	-0.06;	0.06
1076;	89856;	89935;	79;	0.06;	-0.13;	0.06
1077;	89935;	90012;	77;	-0.06;	0.06;	0.00
1078;	90012;	90091;	79;	0.13;	0.00;	0.06
1079;	90091;	90170;	79;	0.06;	0.00;	0.00
1080;	90170;	90250;	80;	-0.06;	0.00;	0.06
1081;	90250;	90338;	88;	0.13;	-0.06;	-0.13
1082;	90338;	90417;	79;	0.00;	0.06;	-0.06
1083;	90417;	90513;	96;	0.13;	0.13;	0.00
1084;	90513;	90592;	79;	0.00;	-0.06;	0.00
1085;	90592;	90672;	80;	0.06;	0.00;	0.00
1086;	90672;	90752;	80;	0.06;	-0.13;	-0.06
1087;	90752;	90832;	80;	-0.06;	-0.06;	-0.06
1088;	90832;	90922;	90;	0.00;	0.19;	0.13
1089;	90922;	91002;	80;	0.06;	-0.19;	-0.06
1090;	91002;	91082;	80;	0.06;	0.13;	-0.06
1091;	91082;	91159;	77;	0.00;	-0.06;	0.00
1092;	91159;	91236;	77;	-0.06;	-0.06;	0.00
1093;	91236;	91323;	87;	0.00;	-0.06;	-0.13
1094;	91323;	91403;	80;	0.06;	-0.13;	-0.06
1095;	91403;	91484;	81;	0.00;	0.00;	-0.06
1096;	91484;	91562;	78;	-0.06;	-0.06;	0.00
1097;	91562;	91641;	79;	-0.06;	-0.06;	-0.06
1098;	91641;	91719;	78;	0.00;	0.19;	-0.13
1099;	91719;	91797;	78;	0.00;	0.13;	0.13
1100;	91797;	91893;	96;	-0.13;	-0.06;	0.06
1101;	91893;	91973;	80;	0.00;	0.00;	0.00
1102;	91973;	92052;	79;	0.06;	0.19;	-0.13
1103;	92052;	92130;	78;	-0.06;	0.13;	-0.19
1104;	92130;	92208;	78;	0.06;	0.00;	0.06
1105;	92208;	92307;	99;	-0.13;	-0.13;	0.06
1106;	92307;	92387;	80;	-0.06;	0.00;	0.00
1107;	92387;	92465;	78;	-0.06;	-0.06;	0.06
1108;	92465;	92545;	80;	0.00;	-0.06;	0.00
1109;	92545;	92623;	78;	0.13;	0.06;	0.00
1110;	92623;	92701;	78;	0.00;	0.06;	0.00
1111;	92701;	92780;	79;	-0.06;	0.19;	0.00
1112;	92780;	92860;	80;	-0.06;	0.25;	0.00
1113;	92860;	92940;	80;	0.06;	0.13;	0.00
1114;	92940;	93019;	79;	-0.13;	0.13;	-0.06
1115;	93019;	93099;	80;	-0.06;	0.19;	-0.06
1116;	93099;	93197;	98;	0.06;	0.13;	-0.13
1117;	93197;	93284;	87;	0.06;	0.00;	0.06
1118;	93284;	93362;	78;	0.00;	0.06;	-0.06
1119;	93362;	93442;	80;	0.00;	0.13;	-0.06
1120;	93442;	93521;	79;	-0.06;	0.00;	0.00
1121;	93521;	93601;	80;	-0.06;	0.13;	-0.06
1122;	93601;	93693;	92;	0.00;	0.00;	0.00
1123;	93693;	93772;	79;	0.06;	0.06;	-0.06
1124;	93772;	93852;	80;	0.00;	0.13;	-0.19
1125;	93852;	93932;	80;	0.00;	0.06;	-0.06
1126;	93932;	94013;	81;	0.06;	0.06;	0.00
1127;	94013;	94093;	80;	-0.06;	-0.06;	-0.06
1128;	94093;	94171;	78;	0.00;	0.06;	0.00
1129;	94171;	94290;	119;	0.06;	-0.06;	-0.13
1130;	94290;	94368;	78;	0.06;	0.00;	-0.06
1131;	94368;	94446;	78;	-0.06;	0.06;	0.06
1132;	94446;	94525;	79;	0.06;	0.19;	0.00
1133;	94525;	94622;	97;	0.06;	-0.06;	0.00
1134;	94622;	94701;	79;	0.00;	-0.13;	0.06
1135;	94701;	94779;	78;	0.13;	0.00;	-0.06
1136;	94779;	94857;	78;	0.06;	0.00;	-0.13
1137;	94857;	94936;	79;	0.13;	0.00;	-0.06
1138;	94936;	95016;	80;	0.06;	0.06;	0.00
1139;	95016;	95096;	80;	0.00;	-0.06;	0.00
1140;	95096;	95185;	89;	-0.06;	0.00;	-0.13
1141;	95185;	95273;	88;	0.00;	0.06;	0.06
1142;	95273;	95350;	77;	-0.06;	-0.06;	-0.06
1143;	95350;	95429;	79;	-0.19;	0.06;	0.00
1144;	95429;	95508;	79;	0.00;	0.06;	0.00
