------------------------------------------------------------------------------
------------ AVIÓNICA COHETE SONDA ORIÓN UIS - Almacenamiento ----------------
Test: Magnetometro - BNO055  |  Identificador: 01  |  Etapa de sensado
Autores: Juan Martin Vivas Camargo  |  Santiago Hernández Rincón
------------------------------------------------------------------------------
Count -> Contador identificador.
Ant -> Tiempo de muestra anterior.
Act -> Tiempo de muestra actual.
Int -> Intervalo - diferencia entre muestras.
X_mag -> Lectura magnetómetro eje X.
Y_mag -> Lectura magnetómetro eje Y.
Z_mag -> Lectura magnetómetro eje Z.
------------------------------------------------------------------------------
Count___Ant_____Act_____Int_____X_mag___Y_mag___Z_mah
------------------------------------------------------------------------------
0;	0;	1986;	1986;	0.00;	0.00;	0.00
1;	1986;	2162;	176;	0.00;	0.00;	0.00
2;	2162;	2239;	77;	0.00;	0.00;	0.00
3;	2239;	2477;	238;	-8.25;	3.69;	12.50
4;	2477;	2573;	96;	-3.00;	14.50;	19.62
5;	2573;	2651;	78;	0.50;	24.44;	50.63
6;	2651;	2729;	78;	5.06;	51.81;	120.06
7;	2729;	2810;	81;	71.69;	-7.44;	141.25
8;	2810;	2887;	77;	63.56;	14.13;	59.25
9;	2887;	2964;	77;	54.50;	-7.31;	-2.31
10;	2964;	3042;	78;	36.44;	-45.00;	1.50
11;	3042;	3122;	80;	77.94;	-35.69;	59.06
12;	3122;	3202;	80;	41.69;	-43.56;	142.00
13;	3202;	3288;	86;	108.94;	33.00;	180.12
14;	3288;	3365;	77;	-70.62;	132.12;	202.62
15;	3365;	3443;	78;	15.13;	10.63;	12.00
16;	3443;	3523;	80;	59.94;	-61.44;	-11.50
17;	3523;	3603;	80;	-31.37;	24.87;	-34.31
18;	3603;	3692;	89;	15.13;	-23.12;	-7.00
19;	3692;	3772;	80;	3.25;	4.75;	-5.06
20;	3772;	3852;	80;	12.94;	-2.00;	-3.06
21;	3852;	3948;	96;	4.75;	-5.81;	-1.12
22;	3948;	4027;	79;	-5.06;	3.62;	-0.19
23;	4027;	4106;	79;	-3.62;	0.06;	-0.69
24;	4106;	4184;	78;	0.37;	-2.87;	-0.94
25;	4184;	4265;	81;	-1.94;	-0.44;	-0.50
26;	4265;	4350;	85;	-1.62;	-1.44;	0.81
27;	4350;	4428;	78;	-1.50;	1.00;	-0.13
28;	4428;	4507;	79;	-0.25;	-0.37;	-0.13
29;	4507;	4586;	79;	0.06;	0.00;	-0.50
30;	4586;	4667;	81;	-0.19;	-0.19;	0.25
31;	4667;	4747;	80;	-1.31;	0.88;	-0.88
32;	4747;	4828;	81;	-1.56;	0.94;	-0.50
33;	4828;	4908;	80;	-0.81;	-0.44;	-0.62
34;	4908;	4987;	79;	-0.88;	-0.06;	-0.69
35;	4987;	5067;	80;	-0.25;	-0.69;	0.00
36;	5067;	5158;	91;	-0.50;	0.56;	-0.25
37;	5158;	5253;	95;	-0.13;	-0.31;	-0.31
38;	5253;	5339;	86;	-0.37;	0.19;	-0.13
39;	5339;	5419;	80;	0.37;	-0.75;	0.13
40;	5419;	5499;	80;	-1.37;	4.12;	-2.87
41;	5499;	5580;	81;	-6.62;	4.06;	-1.56
42;	5580;	5660;	80;	-3.62;	-6.81;	-5.75
43;	5660;	5737;	77;	-22.25;	2.75;	-12.44
44;	5737;	5815;	78;	-28.94;	22.37;	-16.37
45;	5815;	5893;	78;	-19.12;	11.50;	-4.00
46;	5893;	5972;	79;	-21.94;	19.44;	-5.19
47;	5972;	6050;	78;	-27.00;	36.00;	-0.25
48;	6050;	6131;	81;	-13.38;	53.19;	-8.19
49;	6131;	6212;	81;	-23.81;	60.75;	-4.75
50;	6212;	6290;	78;	-0.81;	70.31;	-9.44
51;	6290;	6378;	88;	-4.31;	77.50;	-7.12
52;	6378;	6455;	77;	-2.75;	106.06;	-7.56
53;	6455;	6545;	90;	-2.94;	126.00;	1.44
54;	6545;	6642;	97;	-13.88;	113.88;	-7.25
55;	6642;	6723;	81;	18.94;	106.63;	-2.69
56;	6723;	6801;	78;	22.62;	122.06;	12.19
57;	6801;	6880;	79;	11.25;	138.31;	-4.69
58;	6880;	6958;	78;	-6.00;	133.94;	-9.38
59;	6958;	7036;	78;	-3.06;	127.31;	-7.31
60;	7036;	7115;	79;	-3.62;	110.69;	3.44
61;	7115;	7193;	78;	-38.25;	118.13;	-5.62
62;	7193;	7273;	80;	-13.13;	107.31;	-10.50
63;	7273;	7359;	86;	15.31;	60.69;	-5.44
64;	7359;	7437;	78;	22.19;	-19.50;	-9.50
65;	7437;	7517;	80;	-29.75;	72.31;	-55.44
66;	7517;	7595;	78;	25.12;	149.69;	-29.69
67;	7595;	7676;	81;	-5.50;	155.19;	-62.00
68;	7676;	7754;	78;	-31.75;	121.50;	-25.50
69;	7754;	7833;	79;	-40.31;	96.12;	-19.25
70;	7833;	7939;	106;	-37.31;	119.37;	6.25
71;	7939;	8018;	79;	-30.44;	114.19;	18.25
72;	8018;	8096;	78;	-19.87;	114.12;	-11.00
73;	8096;	8176;	80;	-42.75;	78.12;	1.81
74;	8176;	8254;	78;	-50.19;	48.50;	22.94
75;	8254;	8340;	86;	-1.75;	-10.94;	31.00
76;	8340;	8419;	79;	-45.75;	10.88;	-30.50
77;	8419;	8497;	78;	-5.50;	21.12;	-18.31
78;	8497;	8577;	80;	-26.25;	21.56;	-11.06
79;	8577;	8655;	78;	-39.38;	42.81;	-12.06
80;	8655;	8733;	78;	11.12;	20.50;	32.88
81;	8733;	8811;	78;	31.50;	34.50;	14.06
82;	8811;	8891;	80;	33.94;	52.69;	-0.06
83;	8891;	8971;	80;	49.19;	214.38;	15.75
84;	8971;	9049;	78;	-8.31;	130.19;	-41.75
85;	9049;	9129;	80;	3.37;	182.31;	4.12
86;	9129;	9207;	78;	1.31;	136.69;	13.62
87;	9207;	9321;	114;	7.19;	155.94;	0.13
88;	9321;	9398;	77;	8.06;	135.88;	94.37
89;	9398;	9476;	78;	16.31;	84.44;	10.38
90;	9476;	9554;	78;	7.94;	100.12;	-65.37
91;	9554;	9633;	79;	-8.88;	115.37;	-25.44
92;	9633;	9710;	77;	1.00;	60.63;	-10.25
93;	9710;	9789;	79;	14.56;	105.00;	-56.06
94;	9789;	9866;	77;	-15.50;	66.00;	-39.13
95;	9866;	9945;	79;	13.13;	115.37;	-46.81
96;	9945;	10024;	79;	25.56;	139.37;	-55.75
97;	10024;	10101;	77;	-34.56;	135.12;	-30.19
98;	10101;	10180;	79;	-11.25;	156.31;	-15.25
99;	10180;	10266;	86;	-41.69;	154.87;	-45.00
100;	10266;	10345;	79;	-24.56;	182.56;	-84.56
101;	10345;	10425;	80;	-43.31;	162.00;	-0.75
102;	10425;	10503;	78;	-32.63;	229.00;	35.38
103;	10503;	10600;	97;	-15.13;	186.69;	-10.69
104;	10600;	10689;	89;	-41.75;	211.31;	-3.94
105;	10689;	10767;	78;	-30.44;	154.63;	-28.38
106;	10767;	10847;	80;	-15.31;	193.25;	-31.56
107;	10847;	10927;	80;	-32.63;	234.75;	-20.50
108;	10927;	11004;	77;	-10.75;	255.12;	-36.50
109;	11004;	11083;	79;	-22.00;	200.00;	1.75
110;	11083;	11169;	86;	-25.81;	141.06;	56.06
111;	11169;	11248;	79;	-1.31;	158.50;	39.63
112;	11248;	11328;	80;	-39.50;	122.75;	-18.37
113;	11328;	11405;	77;	0.88;	126.25;	-80.06
114;	11405;	11484;	79;	-49.06;	90.69;	-42.50
115;	11484;	11561;	77;	-61.56;	84.75;	-34.56
116;	11561;	11640;	79;	34.44;	47.31;	8.94
117;	11640;	11718;	78;	0.88;	45.19;	-7.87
118;	11718;	11799;	81;	23.56;	68.12;	-5.06
119;	11799;	11879;	80;	24.25;	24.12;	-3.12
120;	11879;	11974;	95;	44.88;	10.94;	48.06
121;	11974;	12052;	78;	40.44;	55.56;	-36.81
122;	12052;	12150;	98;	14.87;	214.00;	2.69
123;	12150;	12230;	80;	-22.06;	112.06;	-0.06
124;	12230;	12307;	77;	-2.37;	111.75;	-20.50
125;	12307;	12385;	78;	33.94;	119.69;	-89.13
126;	12385;	12463;	78;	28.56;	120.13;	-77.12
127;	12463;	12542;	79;	33.69;	89.00;	-88.31
128;	12542;	12620;	78;	60.25;	33.13;	-46.75
129;	12620;	12700;	80;	68.81;	42.81;	-72.50
130;	12700;	12779;	79;	74.50;	-25.75;	-27.69
131;	12779;	12856;	77;	89.50;	-21.25;	-11.75
132;	12856;	12934;	78;	118.44;	6.62;	-9.75
133;	12934;	13020;	86;	134.06;	-6.75;	-11.81
134;	13020;	13099;	79;	75.81;	7.12;	-3.25
135;	13099;	13177;	78;	115.25;	22.19;	-13.25
136;	13177;	13290;	113;	110.37;	21.69;	-3.12
137;	13290;	13368;	78;	372.75;	-19.75;	18.50
138;	13368;	13446;	78;	350.06;	-41.69;	-42.81
139;	13446;	13536;	90;	222.06;	-68.69;	-104.56
140;	13536;	13613;	77;	239.00;	-55.25;	-109.56
141;	13613;	13693;	80;	174.50;	-47.13;	-73.00
142;	13693;	13770;	77;	209.25;	-35.81;	-88.50
143;	13770;	13847;	77;	132.69;	6.19;	-130.69
144;	13847;	13933;	86;	132.56;	-1.87;	-123.06
145;	13933;	14010;	77;	139.00;	-2.00;	-118.00
146;	14010;	14088;	78;	173.81;	-11.63;	-148.50
147;	14088;	14166;	78;	150.31;	-83.25;	-143.13
148;	14166;	14246;	80;	180.19;	-109.12;	-126.00
149;	14246;	14324;	78;	269.69;	-127.12;	-67.06
150;	14324;	14403;	79;	167.62;	-140.81;	-47.44
151;	14403;	14481;	78;	137.12;	-84.13;	15.31
152;	14481;	14559;	78;	248.44;	-45.63;	-3.50
153;	14559;	14656;	97;	120.19;	-45.25;	-52.56
154;	14656;	14736;	80;	138.75;	-18.12;	-32.31
155;	14736;	14853;	117;	85.12;	32.94;	-37.00
156;	14853;	14942;	89;	107.06;	-46.37;	-41.37
157;	14942;	15020;	78;	75.25;	-41.00;	-61.44
158;	15020;	15099;	79;	60.63;	-5.69;	-18.31
159;	15099;	15177;	78;	162.00;	-42.19;	-98.25
160;	15177;	15257;	80;	151.87;	-141.12;	-87.25
161;	15257;	15336;	79;	295.56;	-184.13;	-83.31
162;	15336;	15414;	78;	220.12;	-223.44;	-72.12
163;	15414;	15492;	78;	171.25;	-165.94;	-14.75
164;	15492;	15570;	78;	19.19;	-201.44;	19.81
165;	15570;	15650;	80;	37.13;	-174.19;	-2.75
166;	15650;	15736;	86;	196.69;	-175.69;	6.06
167;	15736;	15814;	78;	215.94;	-148.38;	-17.25
168;	15814;	15893;	79;	151.00;	-115.19;	-18.81
169;	15893;	15987;	94;	273.69;	-130.69;	-41.00
170;	15987;	16064;	77;	204.25;	-171.62;	-65.44
171;	16064;	16143;	79;	178.69;	-106.63;	-41.63
172;	16143;	16220;	77;	89.44;	-191.94;	-58.06
173;	16220;	16311;	91;	315.75;	-294.56;	-22.81
174;	16311;	16391;	80;	165.44;	-262.50;	-6.00
175;	16391;	16468;	77;	121.62;	-188.69;	15.38
176;	16468;	16546;	78;	95.87;	-104.00;	115.62
177;	16546;	16632;	86;	51.06;	-132.37;	10.44
178;	16632;	16712;	80;	40.00;	-141.94;	18.31
179;	16712;	16791;	79;	41.88;	-80.62;	2.62
180;	16791;	16869;	78;	37.00;	-13.88;	-7.62
181;	16869;	16947;	78;	41.50;	-83.12;	16.62
182;	16947;	17025;	78;	283.69;	-163.75;	-112.25
183;	17025;	17105;	80;	148.25;	-200.38;	-144.62
184;	17105;	17183;	78;	116.62;	-152.81;	-123.94
185;	17183;	17263;	80;	0.56;	-158.87;	-57.38
186;	17263;	17360;	97;	96.75;	-155.37;	-69.19
187;	17360;	17438;	78;	124.38;	-148.50;	-38.56
188;	17438;	17526;	88;	136.12;	-119.44;	-54.63
189;	17526;	17606;	80;	49.25;	-103.56;	-27.56
190;	17606;	17695;	89;	55.06;	-80.00;	39.13
191;	17695;	17773;	78;	109.56;	-104.50;	45.94
192;	17773;	17850;	77;	135.44;	-161.88;	-8.06
193;	17850;	17928;	78;	216.25;	-147.69;	14.56
194;	17928;	18008;	80;	206.38;	-183.06;	-97.81
195;	18008;	18086;	78;	278.88;	-255.56;	-136.12
196;	18086;	18166;	80;	117.00;	-245.37;	-24.50
197;	18166;	18246;	80;	159.00;	-269.50;	-77.75
198;	18246;	18332;	86;	151.06;	-259.19;	-14.56
199;	18332;	18410;	78;	91.00;	-147.81;	-46.00
200;	18410;	18488;	78;	39.19;	-14.38;	-34.38
201;	18488;	18569;	81;	9.69;	-156.00;	-63.75
202;	18569;	18667;	98;	-44.75;	-93.94;	-66.94
203;	18667;	18746;	79;	-33.56;	44.19;	-69.06
204;	18746;	18824;	78;	-31.56;	43.50;	-51.94
205;	18824;	18902;	78;	-13.38;	61.88;	-77.87
206;	18902;	18980;	78;	46.13;	-31.69;	-14.75
207;	18980;	19060;	80;	184.25;	11.56;	-69.06
208;	19060;	19149;	89;	160.81;	5.87;	-136.50
209;	19149;	19235;	86;	218.25;	-50.44;	-49.31
210;	19235;	19313;	78;	116.00;	-24.69;	31.31
211;	19313;	19391;	78;	78.12;	-21.94;	-24.25
212;	19391;	19472;	81;	71.56;	-61.69;	6.62
213;	19472;	19552;	80;	125.94;	-24.25;	21.56
214;	19552;	19630;	78;	168.31;	-9.06;	-28.06
215;	19630;	19710;	80;	102.19;	3.44;	-12.44
216;	19710;	19788;	78;	299.88;	20.88;	-20.56
217;	19788;	19865;	77;	234.69;	66.06;	-35.56
218;	19865;	19943;	78;	251.75;	33.44;	-19.75
219;	19943;	20041;	98;	224.50;	-9.75;	-26.81
220;	20041;	20120;	79;	202.00;	-14.69;	-11.56
221;	20120;	20206;	86;	191.00;	27.81;	-2.62
222;	20206;	20284;	78;	97.00;	25.06;	-7.81
223;	20284;	20364;	80;	132.94;	18.37;	-0.50
224;	20364;	20442;	78;	289.44;	5.44;	16.50
225;	20442;	20532;	90;	8.06;	37.75;	11.81
226;	20532;	20611;	79;	7.62;	27.56;	15.06
227;	20611;	20689;	78;	123.50;	22.44;	-17.56
228;	20689;	20767;	78;	85.31;	10.00;	-12.75
229;	20767;	20845;	78;	61.25;	25.37;	22.75
230;	20845;	20926;	81;	129.87;	27.56;	1.44
231;	20926;	21006;	80;	44.94;	-5.06;	8.50
232;	21006;	21092;	86;	215.75;	3.94;	11.31
233;	21092;	21169;	77;	158.44;	14.87;	-0.75
234;	21169;	21247;	78;	99.62;	0.19;	6.37
235;	21247;	21344;	97;	85.75;	16.19;	11.25
236;	21344;	21422;	78;	154.75;	7.19;	-11.63
237;	21422;	21500;	78;	197.00;	14.94;	4.62
238;	21500;	21579;	79;	117.69;	2.50;	11.00
239;	21579;	21659;	80;	236.56;	7.87;	24.37
240;	21659;	21736;	77;	240.25;	8.13;	9.94
241;	21736;	21815;	79;	113.25;	-2.12;	12.37
242;	21815;	21904;	89;	49.94;	-13.06;	12.81
243;	21904;	21981;	77;	147.44;	0.94;	-4.44
244;	21981;	22068;	87;	322.25;	37.00;	-10.75
245;	22068;	22146;	78;	142.62;	5.31;	-12.94
246;	22146;	22224;	78;	70.31;	1.56;	37.00
247;	22224;	22302;	78;	106.87;	-0.37;	-9.69
248;	22302;	22381;	79;	107.06;	-26.87;	2.94
249;	22381;	22461;	80;	43.13;	1.06;	31.69
250;	22461;	22539;	78;	178.69;	-4.12;	-21.56
251;	22539;	22619;	80;	266.31;	15.75;	-3.81
252;	22619;	22713;	94;	156.87;	7.81;	1.50
253;	22713;	22791;	78;	194.87;	20.31;	-9.25
254;	22791;	22872;	81;	289.63;	44.13;	4.00
255;	22872;	22958;	86;	315.62;	8.38;	3.06
256;	22958;	23035;	77;	44.25;	-6.19;	10.19
257;	23035;	23114;	79;	114.19;	19.25;	7.31
258;	23114;	23191;	77;	-96.06;	-4.75;	-8.75
259;	23191;	23283;	92;	-425.94;	-72.06;	25.37
260;	23283;	23363;	80;	-97.12;	2.37;	60.25
261;	23363;	23441;	78;	-198.62;	-14.81;	2.31
262;	23441;	23520;	79;	-642.87;	-27.37;	-3.44
263;	23520;	23598;	78;	-155.50;	11.06;	-13.75
264;	23598;	23676;	78;	-285.88;	-0.13;	1.69
265;	23676;	23754;	78;	-135.00;	9.00;	16.25
266;	23754;	23835;	81;	-284.56;	36.19;	20.75
267;	23835;	23923;	88;	-58.69;	-15.44;	29.75
268;	23923;	24017;	94;	-398.94;	2.50;	-4.69
269;	24017;	24095;	78;	-106.56;	5.69;	24.31
270;	24095;	24175;	80;	-8.06;	8.81;	8.31
271;	24175;	24253;	78;	-96.00;	5.06;	-9.63
272;	24253;	24332;	79;	-352.13;	-62.13;	88.19
273;	24332;	24410;	78;	-92.06;	4.19;	-18.19
274;	24410;	24488;	78;	-65.87;	17.06;	25.75
275;	24488;	24567;	79;	37.69;	17.06;	0.69
276;	24567;	24644;	77;	-410.81;	50.69;	2.75
277;	24644;	24734;	90;	-246.50;	52.31;	-41.63
278;	24734;	24821;	87;	-96.37;	14.63;	-10.44
279;	24821;	24899;	78;	-117.50;	-11.00;	-3.56
280;	24899;	24979;	80;	-124.12;	-2.50;	-15.25
281;	24979;	25057;	78;	-94.00;	-18.37;	-23.38
282;	25057;	25138;	81;	-141.31;	-11.56;	-27.81
283;	25138;	25218;	80;	-3.37;	9.50;	34.00
284;	25218;	25296;	78;	-354.13;	16.12;	-3.19
285;	25296;	25393;	97;	-77.06;	-0.31;	13.81
286;	25393;	25471;	78;	-298.13;	39.25;	-1.62
287;	25471;	25549;	78;	-225.56;	39.13;	-0.88
288;	25549;	25630;	81;	-223.62;	34.31;	-40.19
289;	25630;	25728;	98;	-266.44;	51.25;	-41.13
290;	25728;	25806;	78;	-683.75;	-5.06;	-11.31
291;	25806;	25884;	78;	-72.12;	-15.69;	-14.38
292;	25884;	25962;	78;	-167.94;	-20.19;	-38.44
293;	25962;	26042;	80;	-245.44;	-15.38;	-28.31
294;	26042;	26133;	91;	-322.69;	15.44;	-25.19
295;	26133;	26211;	78;	-319.13;	12.75;	-13.31
296;	26211;	26292;	81;	-166.31;	-24.37;	-1.44
297;	26292;	26372;	80;	-24.25;	-25.19;	24.12
298;	26372;	26450;	78;	-54.06;	-14.44;	4.94
299;	26450;	26530;	80;	-92.25;	-4.69;	-12.06
300;	26530;	26616;	86;	-198.50;	-12.44;	-29.63
301;	26616;	26713;	97;	-71.31;	-10.56;	-18.81
302;	26713;	26794;	81;	-138.62;	-28.44;	9.56
303;	26794;	26874;	80;	-130.12;	-14.00;	1.31
304;	26874;	26952;	78;	-447.06;	24.56;	-17.81
305;	26952;	27032;	80;	25.88;	-29.50;	-14.13
306;	27032;	27110;	78;	14.75;	-22.50;	0.56
307;	27110;	27188;	78;	64.25;	-26.81;	-1.75
308;	27188;	27266;	78;	63.81;	-52.88;	19.94
309;	27266;	27346;	80;	97.19;	-94.50;	-3.31
310;	27346;	27426;	80;	95.50;	-142.13;	-15.00
311;	27426;	27572;	146;	47.25;	-171.50;	-20.81
312;	27572;	27650;	78;	30.00;	-199.69;	-45.38
313;	27650;	27728;	78;	13.38;	-192.62;	-42.00
314;	27728;	27806;	78;	9.06;	-145.94;	-67.75
315;	27806;	27887;	81;	34.50;	-146.25;	-34.13
316;	27887;	27965;	78;	70.06;	-123.13;	33.94
317;	27965;	28045;	80;	52.06;	-84.31;	-39.63
318;	28045;	28142;	97;	46.00;	-62.81;	16.06
319;	28142;	28220;	78;	49.19;	-142.87;	9.31
320;	28220;	28299;	79;	69.25;	-255.31;	28.81
321;	28299;	28379;	80;	71.44;	-281.00;	26.94
322;	28379;	28465;	86;	139.50;	-185.81;	72.81
323;	28465;	28543;	78;	-107.63;	-137.56;	82.69
324;	28543;	28621;	78;	68.00;	-143.19;	42.56
325;	28621;	28700;	79;	-71.31;	-118.69;	15.63
326;	28700;	28780;	80;	3.56;	-194.62;	31.50
327;	28780;	28857;	77;	-36.19;	-302.50;	-13.56
328;	28857;	28948;	91;	106.63;	-119.25;	79.44
329;	28948;	29027;	79;	125.94;	-335.69;	101.31
330;	29027;	29105;	78;	35.56;	-238.06;	76.75
331;	29105;	29183;	78;	-16.69;	-158.56;	19.87
332;	29183;	29261;	78;	3.19;	-193.37;	23.12
333;	29261;	29349;	88;	2.56;	-143.75;	18.75
334;	29349;	29446;	97;	7.12;	-100.75;	38.88
335;	29446;	29523;	77;	-32.81;	-55.69;	22.37
336;	29523;	29603;	80;	38.94;	-203.81;	1.12
337;	29603;	29682;	79;	-18.12;	-66.25;	29.81
338;	29682;	29759;	77;	1.75;	-80.38;	36.50
339;	29759;	29838;	79;	51.50;	-50.38;	21.81
340;	29838;	29916;	78;	-6.12;	-110.12;	7.69
341;	29916;	29994;	78;	-16.31;	-180.37;	54.31
342;	29994;	30071;	77;	-27.62;	-290.69;	77.44
343;	30071;	30151;	80;	-12.50;	-278.94;	106.19
344;	30151;	30239;	88;	2.12;	-226.31;	92.44
345;	30239;	30327;	88;	-18.25;	-148.75;	63.69
346;	30327;	30406;	79;	-42.44;	-114.44;	44.75
347;	30406;	30485;	79;	-19.69;	-108.50;	56.19
348;	30485;	30562;	77;	33.13;	-134.87;	44.88
349;	30562;	30641;	79;	-38.19;	-147.19;	-2.81
350;	30641;	30718;	77;	24.63;	-2.94;	61.88
351;	30718;	30813;	95;	-167.25;	-82.56;	212.31
352;	30813;	30893;	80;	-109.31;	-182.88;	68.12
353;	30893;	30971;	78;	-107.12;	-187.44;	81.44
354;	30971;	31048;	77;	-134.44;	-214.06;	60.94
355;	31048;	31134;	86;	-157.12;	-259.37;	20.62
356;	31134;	31211;	77;	-152.87;	-343.88;	53.38
357;	31211;	31289;	78;	-33.31;	-329.56;	-9.56
358;	31289;	31367;	78;	-47.50;	-101.31;	9.19
359;	31367;	31447;	80;	-97.00;	-28.31;	-41.13
360;	31447;	31525;	78;	-145.31;	-198.62;	-32.25
361;	31525;	31605;	80;	-27.13;	1.62;	10.63
362;	31605;	31684;	79;	30.19;	-85.94;	23.25
363;	31684;	31772;	88;	4.44;	-6.31;	-23.38
364;	31772;	31850;	78;	17.56;	-31.37;	52.44
365;	31850;	31928;	78;	9.69;	-85.44;	-91.31
366;	31928;	32017;	89;	15.25;	-72.31;	-12.69
367;	32017;	32115;	98;	36.88;	26.06;	-113.88
368;	32115;	32193;	78;	30.50;	15.81;	-171.50
369;	32193;	32271;	78;	-1.75;	-44.75;	-298.62
370;	32271;	32350;	79;	-16.25;	12.63;	-315.44
371;	32350;	32428;	78;	1.00;	-8.50;	-278.56
372;	32428;	32508;	80;	93.44;	66.06;	-312.75
373;	32508;	32588;	80;	-57.81;	-12.50;	-257.50
374;	32588;	32666;	78;	-37.81;	-266.63;	-183.06
375;	32666;	32744;	78;	-110.63;	104.63;	-137.75
376;	32744;	32822;	78;	-21.25;	-12.00;	-145.00
377;	32822;	32910;	88;	-78.81;	-4.37;	-129.25
378;	32910;	32991;	81;	-3.31;	3.81;	-65.56
379;	32991;	33069;	78;	-17.12;	-16.37;	-13.44
380;	33069;	33159;	90;	-15.31;	-29.25;	15.19
381;	33159;	33237;	78;	16.37;	-58.44;	-45.63
382;	33237;	33315;	78;	-32.63;	91.87;	-275.75
383;	33315;	33394;	79;	58.56;	160.31;	-306.19
384;	33394;	33488;	94;	109.06;	53.19;	-345.69
385;	33488;	33566;	78;	-48.81;	-7.87;	-224.88
386;	33566;	33645;	79;	-8.75;	14.31;	-92.56
387;	33645;	33723;	78;	-14.19;	-50.25;	-184.19
388;	33723;	33811;	88;	11.69;	36.06;	-107.44
389;	33811;	33890;	79;	-32.13;	93.81;	-45.69
390;	33890;	33968;	78;	39.56;	27.19;	-71.19
391;	33968;	34046;	78;	26.81;	-77.25;	-79.56
392;	34046;	34124;	78;	-1.56;	56.19;	14.19
393;	34124;	34205;	81;	7.69;	40.94;	29.87
394;	34205;	34283;	78;	-66.44;	-61.50;	-153.56
395;	34283;	34363;	80;	53.38;	-171.69;	-218.19
396;	34363;	34442;	79;	-125.00;	17.62;	-102.31
397;	34442;	34530;	88;	47.13;	129.63;	-45.94
398;	34530;	34608;	78;	23.62;	25.19;	-70.87
399;	34608;	34694;	86;	14.69;	-34.75;	-114.56
400;	34694;	34788;	94;	17.87;	94.19;	-85.44
401;	34788;	34868;	80;	42.31;	21.87;	-97.62
402;	34868;	34948;	80;	50.56;	8.25;	-148.06
403;	34948;	35025;	77;	-12.13;	-8.88;	-209.94
404;	35025;	35104;	79;	52.50;	3.31;	-166.37
405;	35104;	35181;	77;	-7.50;	-30.19;	-153.19
406;	35181;	35260;	79;	-37.00;	-58.81;	-150.00
407;	35260;	35338;	78;	16.81;	-6.25;	-121.06
408;	35338;	35419;	81;	-11.25;	-24.06;	-70.44
409;	35419;	35499;	80;	-32.06;	-3.25;	-111.94
410;	35499;	35585;	86;	-51.94;	19.25;	-82.69
411;	35585;	35662;	77;	-38.19;	-1.81;	-92.37
412;	35662;	35740;	78;	4.81;	-8.88;	-85.87
413;	35740;	35820;	80;	-40.31;	7.00;	-57.13
414;	35820;	35912;	92;	6.12;	25.75;	-51.06
415;	35912;	35990;	78;	-42.13;	1.37;	-1.75
416;	35990;	36071;	81;	82.88;	67.06;	-161.31
417;	36071;	36169;	98;	91.94;	-40.12;	-219.37
418;	36169;	36249;	80;	24.12;	-8.94;	-262.12
419;	36249;	36327;	78;	-17.44;	70.62;	-235.25
420;	36327;	36405;	78;	20.62;	61.44;	-218.00
421;	36405;	36483;	78;	152.75;	42.44;	-228.06
422;	36483;	36571;	88;	-9.81;	-41.81;	-207.50
423;	36571;	36652;	81;	-33.94;	-38.19;	-215.00
424;	36652;	36730;	78;	-44.31;	-56.94;	-163.37
425;	36730;	36809;	79;	31.50;	-41.69;	-130.94
426;	36809;	36887;	78;	195.75;	-15.13;	-111.75
427;	36887;	36965;	78;	65.62;	5.50;	-100.12
428;	36965;	37043;	78;	36.19;	-13.38;	-117.62
429;	37043;	37124;	81;	96.87;	-27.06;	-92.44
430;	37124;	37204;	80;	-35.81;	-43.87;	-10.81
431;	37204;	37282;	78;	-53.25;	-37.06;	-15.44
432;	37282;	37374;	92;	-57.88;	25.81;	-38.69
433;	37374;	37481;	107;	25.81;	39.44;	-96.37
434;	37481;	37558;	77;	30.94;	-38.50;	-53.81
435;	37558;	37636;	78;	-18.87;	2.94;	0.75
436;	37636;	37716;	80;	113.19;	11.06;	-43.31
437;	37716;	37794;	78;	-8.31;	-37.69;	-69.37
438;	37794;	37874;	80;	-39.00;	14.75;	-11.50
439;	37874;	37953;	79;	-43.81;	-10.56;	21.37
440;	37953;	38031;	78;	-23.56;	-1.44;	-5.75
441;	38031;	38109;	78;	-0.56;	-9.63;	4.12
442;	38109;	38187;	78;	53.87;	11.81;	-11.50
443;	38187;	38267;	80;	23.31;	-14.25;	4.37
444;	38267;	38353;	86;	9.88;	-4.00;	13.06
445;	38353;	38430;	77;	51.31;	-35.25;	-1.31
446;	38430;	38509;	79;	-13.25;	26.12;	39.25
447;	38509;	38587;	78;	7.75;	-5.81;	4.19
448;	38587;	38668;	81;	-0.94;	1.62;	0.25
449;	38668;	38756;	88;	4.50;	-3.62;	1.25
450;	38756;	38850;	94;	0.06;	0.88;	1.06
451;	38850;	38930;	80;	0.13;	-0.06;	0.44
452;	38930;	39010;	80;	0.13;	-0.50;	0.25
453;	39010;	39088;	78;	0.06;	0.00;	0.50
454;	39088;	39167;	79;	0.00;	-0.31;	0.00
455;	39167;	39244;	77;	0.44;	-0.13;	0.25
456;	39244;	39330;	86;	-0.06;	0.06;	0.44
457;	39330;	39410;	80;	0.06;	0.31;	0.19
458;	39410;	39488;	78;	-0.25;	0.25;	0.13
459;	39488;	39566;	78;	-0.37;	0.19;	0.06
460;	39566;	39644;	78;	-0.44;	0.25;	0.00
461;	39644;	39723;	79;	0.13;	0.19;	0.06
462;	39723;	39803;	80;	-0.13;	0.00;	0.37
463;	39803;	39883;	80;	0.50;	0.00;	0.13
464;	39883;	39963;	80;	0.19;	0.00;	0.06
465;	39963;	40041;	78;	0.19;	-0.13;	0.25
466;	40041;	40151;	110;	-0.06;	-0.44;	0.25
467;	40151;	40230;	79;	-0.19;	0.00;	-0.06
468;	40230;	40348;	118;	-0.25;	0.13;	-0.13
469;	40348;	40426;	78;	-0.25;	-0.31;	0.00
470;	40426;	40505;	79;	0.06;	0.13;	0.25
471;	40505;	40585;	80;	0.00;	0.00;	-0.19
472;	40585;	40665;	80;	0.19;	-0.37;	0.25
473;	40665;	40744;	79;	0.06;	0.06;	0.25
474;	40744;	40825;	81;	0.13;	0.00;	-0.13
475;	40825;	40905;	80;	0.62;	-0.19;	-0.13
476;	40905;	40986;	81;	0.19;	-0.31;	0.25
477;	40986;	41066;	80;	0.31;	0.00;	-0.13
478;	41066;	41144;	78;	-0.13;	-0.37;	-0.06
479;	41144;	41223;	79;	-0.31;	-0.19;	0.25
480;	41223;	41309;	86;	0.31;	-0.13;	-0.25
481;	41309;	41388;	79;	23.06;	-18.69;	7.06
482;	41388;	41468;	80;	-7.50;	4.50;	10.81
483;	41468;	41592;	124;	-13.62;	12.81;	10.13
484;	41592;	41670;	78;	17.44;	-2.12;	2.75
485;	41670;	41748;	78;	-29.87;	14.06;	-0.06
486;	41748;	41828;	80;	-8.75;	9.88;	-3.62
487;	41828;	41906;	78;	-6.19;	6.81;	-5.31
488;	41906;	41984;	78;	-23.87;	29.50;	-4.00
489;	41984;	42062;	78;	-20.88;	56.25;	-6.37
490;	42062;	42141;	79;	-14.63;	63.31;	-11.94
491;	42141;	42221;	80;	-15.63;	54.94;	-14.56
492;	42221;	42307;	86;	-9.13;	51.63;	-12.06
493;	42307;	42386;	79;	5.81;	51.13;	-14.56
494;	42386;	42464;	78;	4.75;	53.31;	-10.38
495;	42464;	42543;	79;	13.69;	46.06;	-9.88
496;	42543;	42622;	79;	16.94;	39.94;	-8.31
497;	42622;	42700;	78;	6.00;	41.13;	-2.44
498;	42700;	42780;	80;	15.38;	31.00;	3.25
499;	42780;	42875;	95;	20.81;	12.13;	31.62
500;	42875;	42963;	88;	33.81;	-9.31;	59.06
501;	42963;	43043;	80;	14.69;	-10.38;	58.75
502;	43043;	43123;	80;	32.81;	-21.87;	52.62
503;	43123;	43209;	86;	9.00;	-36.63;	44.63
504;	43209;	43287;	78;	18.94;	-56.25;	52.69
505;	43287;	43365;	78;	-3.44;	-74.87;	41.88
506;	43365;	43444;	79;	-0.62;	-90.19;	42.81
507;	43444;	43524;	80;	-33.44;	-102.69;	37.38
508;	43524;	43602;	78;	-44.56;	-126.94;	6.37
509;	43602;	43682;	80;	-64.94;	-126.62;	18.19
510;	43682;	43760;	78;	-44.50;	-107.69;	32.56
511;	43760;	43838;	78;	-67.00;	-92.56;	32.50
512;	43838;	43916;	78;	-103.31;	-85.94;	58.50
513;	43916;	43996;	80;	-95.69;	-72.19;	68.50
514;	43996;	44076;	80;	-82.19;	-51.25;	53.87
515;	44076;	44162;	86;	-85.69;	0.13;	71.62
516;	44162;	44258;	96;	-86.50;	46.56;	64.31
517;	44258;	44348;	90;	-91.87;	51.31;	72.12
518;	44348;	44427;	79;	-83.62;	73.37;	85.75
519;	44427;	44505;	78;	-63.25;	119.87;	106.25
520;	44505;	44586;	81;	6.25;	119.94;	90.94
521;	44586;	44664;	78;	13.19;	145.62;	65.87
522;	44664;	44743;	79;	23.19;	156.75;	52.00
523;	44743;	44821;	78;	63.87;	145.38;	27.50
524;	44821;	44900;	79;	54.19;	143.44;	18.81
525;	44900;	44979;	79;	53.81;	127.00;	11.56
526;	44979;	45065;	86;	141.37;	124.94;	44.50
527;	45065;	45143;	78;	210.81;	99.87;	74.31
528;	45143;	45221;	78;	156.37;	57.44;	82.75
529;	45221;	45300;	79;	116.44;	28.94;	99.25
530;	45300;	45380;	80;	110.25;	-3.12;	117.19
531;	45380;	45458;	78;	100.75;	-20.81;	134.63
532;	45458;	45556;	98;	68.19;	-29.37;	149.06
533;	45556;	45634;	78;	80.62;	-67.37;	144.56
534;	45634;	45712;	78;	66.50;	-70.75;	132.44
535;	45712;	45802;	90;	53.50;	-86.00;	116.69
536;	45802;	45881;	79;	12.19;	-104.44;	122.31
537;	45881;	45967;	86;	-38.56;	-116.19;	113.06
538;	45967;	46044;	77;	-54.31;	-113.75;	83.37
539;	46044;	46122;	78;	-210.75;	-93.75;	100.19
540;	46122;	46202;	80;	-293.25;	-68.56;	110.00
541;	46202;	46282;	80;	-221.00;	-59.69;	92.19
542;	46282;	46359;	77;	-153.75;	-59.50;	89.94
543;	46359;	46437;	78;	-155.75;	-38.25;	99.56
544;	46437;	46515;	78;	-181.31;	12.75;	79.25
545;	46515;	46594;	79;	-174.31;	52.13;	94.37
546;	46594;	46672;	78;	-114.94;	69.87;	125.56
547;	46672;	46753;	81;	-83.81;	105.56;	116.81
548;	46753;	46842;	89;	-3.69;	157.19;	104.63
549;	46842;	46937;	95;	38.06;	205.50;	88.00
550;	46937;	47015;	78;	103.00;	178.50;	30.81
551;	47015;	47095;	80;	90.25;	214.81;	23.81
552;	47095;	47183;	88;	105.25;	200.44;	31.75
553;	47183;	47260;	77;	100.62;	187.19;	45.63
554;	47260;	47337;	77;	258.56;	137.12;	51.94
555;	47337;	47415;	78;	161.44;	97.50;	62.88
556;	47415;	47495;	80;	206.00;	23.06;	150.06
557;	47495;	47573;	78;	140.12;	-11.63;	146.25
558;	47573;	47652;	79;	171.62;	-81.00;	163.31
559;	47652;	47738;	86;	96.56;	-53.75;	173.62
560;	47738;	47816;	78;	18.19;	-69.87;	148.50
561;	47816;	47896;	80;	-66.50;	-76.31;	98.50
562;	47896;	47974;	78;	-71.56;	-105.31;	83.06
563;	47974;	48053;	79;	-260.88;	-96.25;	-5.94
564;	48053;	48131;	78;	-98.19;	-71.44;	-24.69
565;	48131;	48227;	96;	-141.06;	-46.75;	-11.69
566;	48227;	48308;	81;	-138.88;	4.44;	10.00
567;	48308;	48388;	80;	-47.00;	40.44;	12.94
568;	48388;	48466;	78;	-22.69;	48.44;	12.06
569;	48466;	48556;	90;	41.56;	64.87;	-21.44
570;	48556;	48643;	87;	-55.50;	56.00;	8.75
571;	48643;	48721;	78;	-4.12;	0.56;	-1.19
572;	48721;	48800;	79;	5.06;	-1.75;	-0.69
573;	48800;	48880;	80;	-6.94;	4.12;	-1.44
574;	48880;	48960;	80;	-0.44;	-1.56;	-0.69
575;	48960;	49040;	80;	1.19;	-1.44;	-0.44
576;	49040;	49117;	77;	-0.50;	1.06;	-0.44
577;	49117;	49195;	78;	-0.25;	0.94;	-0.44
578;	49195;	49273;	78;	-0.62;	-0.25;	-0.31
579;	49273;	49352;	79;	0.50;	-0.69;	-0.31
580;	49352;	49432;	80;	-0.06;	-0.62;	-0.31
581;	49432;	49512;	80;	-2.00;	1.00;	0.06
582;	49512;	49618;	106;	-1.50;	0.50;	-0.44
583;	49618;	49696;	78;	-1.62;	0.94;	-0.19
584;	49696;	49774;	78;	-0.25;	0.19;	-0.44
585;	49774;	49853;	79;	-0.81;	0.44;	-0.37
586;	49853;	49945;	92;	-0.25;	0.13;	-0.25
587;	49945;	50023;	78;	-0.19;	0.25;	-0.13
588;	50023;	50103;	80;	-0.19;	0.00;	-0.25
589;	50103;	50183;	80;	-0.13;	-0.19;	-0.31
590;	50183;	50264;	81;	0.62;	-0.75;	-0.31
591;	50264;	50344;	80;	0.37;	-0.25;	-0.31
592;	50344;	50422;	78;	-1.50;	0.56;	-0.25
593;	50422;	50501;	79;	-0.62;	0.37;	-0.06
594;	50501;	50587;	86;	-0.75;	0.44;	-0.13
595;	50587;	50666;	79;	-0.37;	0.06;	-0.75
596;	50666;	50746;	80;	-0.94;	0.44;	0.00
597;	50746;	50824;	78;	-0.25;	0.25;	-0.44
598;	50824;	50921;	97;	-1.06;	-0.44;	-0.06
599;	50921;	50999;	78;	0.37;	0.06;	-0.56
600;	50999;	51078;	79;	-0.69;	0.37;	-0.50
601;	51078;	51157;	79;	0.37;	-0.13;	0.06
602;	51157;	51237;	80;	1.06;	-0.62;	-0.37
603;	51237;	51317;	80;	-0.75;	-0.25;	-1.69
604;	51317;	51409;	92;	3.75;	-2.00;	0.13
605;	51409;	51488;	79;	-3.44;	1.75;	-0.69
606;	51488;	51576;	88;	-119.81;	92.56;	4.94
607;	51576;	51656;	80;	-72.12;	189.13;	-1.50
608;	51656;	51734;	78;	-44.13;	247.63;	13.00
609;	51734;	51811;	77;	20.44;	194.50;	16.56
610;	51811;	51889;	78;	17.50;	65.81;	5.81
611;	51889;	51969;	80;	8.38;	-39.81;	19.06
612;	51969;	52049;	80;	13.25;	-136.56;	0.75
613;	52049;	52127;	78;	36.88;	-191.00;	6.06
614;	52127;	52207;	80;	6.25;	-180.63;	15.31
615;	52207;	52301;	94;	15.38;	-129.94;	7.00
616;	52301;	52379;	78;	46.31;	-83.25;	9.06
617;	52379;	52468;	89;	34.69;	-26.00;	2.31
618;	52468;	52547;	79;	-6.75;	8.13;	-0.13
619;	52547;	52625;	78;	-14.31;	8.88;	0.25
620;	52625;	52703;	78;	7.62;	-0.56;	-5.00
621;	52703;	52793;	90;	-6.44;	10.81;	-2.50
622;	52793;	52873;	80;	1.69;	-1.75;	-0.19
623;	52873;	52953;	80;	-4.31;	3.44;	-0.44
624;	52953;	53031;	78;	1.87;	-2.44;	-0.44
625;	53031;	53111;	80;	2.12;	-0.37;	-0.56
626;	53111;	53189;	78;	0.62;	-1.06;	-0.69
627;	53189;	53267;	78;	-0.37;	1.25;	0.06
628;	53267;	53345;	78;	-1.94;	1.81;	-0.25
629;	53345;	53478;	133;	0.88;	-0.69;	-0.19
630;	53478;	53556;	78;	2.06;	-2.19;	0.06
631;	53556;	53651;	95;	0.88;	-1.87;	-0.25
632;	53651;	53729;	78;	-0.88;	0.75;	0.00
633;	53729;	53807;	78;	-1.25;	0.00;	-0.31
634;	53807;	53885;	78;	-2.31;	1.62;	-0.75
635;	53885;	53965;	80;	-0.81;	0.25;	-0.13
636;	53965;	54045;	80;	0.13;	0.00;	-0.13
637;	54045;	54126;	81;	-0.06;	-0.81;	0.25
638;	54126;	54218;	92;	-6.31;	4.12;	0.19
639;	54218;	54296;	78;	-2.81;	1.06;	0.19
640;	54296;	54376;	80;	-2.31;	0.81;	-0.31
641;	54376;	54464;	88;	1.87;	-1.62;	-0.13
642;	54464;	54541;	77;	-1.75;	1.06;	-0.62
643;	54541;	54619;	78;	-1.81;	0.00;	-0.06
644;	54619;	54698;	79;	-1.12;	0.44;	-0.37
645;	54698;	54778;	80;	-11.56;	3.44;	9.94
646;	54778;	54858;	80;	1.87;	-105.75;	38.06
647;	54858;	54936;	78;	53.81;	-255.31;	43.87
648;	54936;	55034;	98;	63.25;	-261.12;	52.31
649;	55034;	55112;	78;	23.25;	-234.75;	46.50
650;	55112;	55190;	78;	12.63;	-197.00;	50.56
651;	55190;	55270;	80;	-0.62;	-88.31;	13.62
652;	55270;	55347;	77;	9.88;	91.19;	-47.19
653;	55347;	55435;	88;	-46.06;	228.56;	-46.75
654;	55435;	55512;	77;	11.69;	273.13;	-66.69
655;	55512;	55602;	90;	-82.06;	225.25;	-24.19
656;	55602;	55681;	79;	-24.69;	137.88;	-18.06
657;	55681;	55761;	80;	-22.69;	57.94;	-12.44
658;	55761;	55839;	78;	6.56;	-38.75;	-1.56
659;	55839;	55919;	80;	0.06;	-1.00;	-6.37
660;	55919;	55997;	78;	-8.56;	17.94;	4.19
661;	55997;	56075;	78;	-6.62;	5.44;	5.00
662;	56075;	56153;	78;	3.87;	-2.19;	-1.50
663;	56153;	56232;	79;	2.12;	-1.62;	-0.62
664;	56232;	56354;	122;	88.44;	-11.00;	4.37
665;	56354;	56433;	79;	541.50;	13.56;	-9.50
666;	56433;	56513;	80;	299.94;	-24.50;	2.75
667;	56513;	56591;	78;	198.69;	-14.44;	10.69
668;	56591;	56671;	80;	113.81;	-17.62;	9.19
669;	56671;	56748;	77;	27.13;	-13.00;	10.00
670;	56748;	56826;	78;	-145.87;	-31.62;	-2.69
671;	56826;	56904;	78;	-309.69;	0.31;	16.12
672;	56904;	56984;	80;	-320.94;	53.94;	16.31
673;	56984;	57075;	91;	-353.12;	46.19;	9.44
674;	57075;	57153;	78;	-28.19;	12.31;	-5.12
675;	57153;	57257;	104;	18.37;	-17.25;	-8.81
676;	57257;	57333;	76;	0.37;	3.69;	-0.62
677;	57333;	57412;	79;	-0.31;	7.31;	2.87
678;	57412;	57489;	77;	1.81;	1.69;	-1.81
679;	57489;	57568;	79;	1.25;	-1.94;	-0.69
680;	57568;	57646;	78;	1.75;	1.94;	0.00
681;	57646;	57744;	98;	-1.06;	1.06;	-1.12
682;	57744;	57823;	79;	-2.31;	-0.88;	-1.06
683;	57823;	57901;	78;	-0.37;	0.69;	-2.50
684;	57901;	57979;	78;	-1.44;	-1.12;	-3.44
685;	57979;	58057;	78;	-15.31;	0.50;	-0.25
686;	58057;	58138;	81;	-41.88;	4.37;	-2.62
687;	58138;	58226;	88;	-201.31;	3.00;	2.69
688;	58226;	58303;	77;	-354.38;	-20.25;	2.12
689;	58303;	58381;	78;	-380.62;	13.06;	10.81
690;	58381;	58471;	90;	-244.37;	22.31;	-4.25
691;	58471;	58549;	78;	-110.50;	0.56;	12.94
692;	58549;	58629;	80;	-56.88;	5.94;	-3.62
693;	58629;	58707;	78;	17.62;	-0.56;	-4.12
694;	58707;	58787;	80;	166.75;	-2.44;	-3.75
695;	58787;	58866;	79;	302.94;	-13.75;	-8.25
696;	58866;	58943;	77;	343.69;	15.81;	10.75
697;	58943;	59022;	79;	250.81;	-14.00;	7.69
698;	59022;	59116;	94;	269.94;	-21.81;	-4.25
699;	59116;	59202;	86;	47.62;	-13.69;	1.00
700;	59202;	59281;	79;	-27.06;	8.19;	-1.50
701;	59281;	59359;	78;	-7.31;	-0.37;	-1.19
702;	59359;	59439;	80;	1.19;	1.00;	-1.31
703;	59439;	59518;	79;	3.12;	-3.25;	0.19
704;	59518;	59596;	78;	-2.69;	0.56;	-0.31
705;	59596;	59674;	78;	-3.19;	0.69;	-0.06
706;	59674;	59752;	78;	-6.12;	1.19;	-0.75
707;	59752;	59844;	92;	-3.06;	1.81;	-0.13
708;	59844;	59923;	79;	36.13;	-10.25;	3.19
709;	59923;	60001;	78;	-11.12;	5.50;	8.25
710;	60001;	60081;	80;	20.50;	-6.25;	-6.94
711;	60081;	60167;	86;	-42.62;	54.63;	-5.06
712;	60167;	60245;	78;	22.75;	-22.44;	0.37
713;	60245;	60325;	80;	-16.12;	13.38;	0.31
714;	60325;	60419;	94;	-0.13;	0.94;	-1.69
715;	60419;	60497;	78;	75.50;	-6.69;	2.87
716;	60497;	60576;	79;	560.81;	-65.44;	53.31
717;	60576;	60654;	78;	589.69;	-35.88;	65.44
718;	60654;	60735;	81;	671.69;	-25.75;	33.88
719;	60735;	60812;	77;	727.19;	-51.00;	51.88
720;	60812;	60890;	78;	459.06;	87.31;	6.12
721;	60890;	60968;	78;	273.31;	3.62;	-62.69
722;	60968;	61055;	87;	459.00;	4.69;	46.50
723;	61055;	61136;	81;	929.87;	29.00;	-31.56
724;	61136;	61224;	88;	-364.56;	93.56;	23.38
725;	61224;	61302;	78;	-32.56;	33.31;	3.75
726;	61302;	61380;	78;	-2.37;	0.06;	-11.63
727;	61380;	61458;	78;	-2.75;	-3.12;	3.56
728;	61458;	61538;	80;	-11.88;	7.37;	-5.87
729;	61538;	61616;	78;	-2.31;	-3.75;	3.62
730;	61616;	61696;	80;	-16.00;	-1.44;	-17.87
731;	61696;	61793;	97;	-11.75;	8.56;	-18.87
732;	61793;	61871;	78;	-75.31;	31.75;	51.06
733;	61871;	61958;	87;	-195.31;	-1.50;	2.56
734;	61958;	62039;	81;	-429.87;	-27.56;	-40.06
735;	62039;	62117;	78;	-761.81;	-22.13;	-21.12
736;	62117;	62197;	80;	-1033.06;	-29.56;	-98.25
737;	62197;	62276;	79;	-476.87;	-22.94;	-46.56
738;	62276;	62354;	78;	-435.50;	-77.50;	3.00
739;	62354;	62432;	78;	-857.81;	-45.38;	46.00
740;	62432;	62510;	78;	-503.94;	-92.37;	72.50
741;	62510;	62590;	80;	3.75;	22.06;	24.37
742;	62590;	62678;	88;	-255.00;	111.00;	8.00
743;	62678;	62756;	78;	79.44;	-55.56;	-25.88
744;	62756;	62842;	86;	-45.00;	14.44;	-2.25
745;	62842;	62920;	78;	-2.87;	-13.69;	3.50
746;	62920;	63001;	81;	-5.06;	7.56;	0.62
747;	63001;	63098;	97;	-0.56;	-0.19;	-3.31
748;	63098;	63175;	77;	-2.44;	4.06;	-3.31
749;	63175;	63254;	79;	-1.31;	0.25;	-1.56
750;	63254;	63333;	79;	4.00;	-1.69;	-2.31
751;	63333;	63411;	78;	2.69;	5.94;	-0.69
752;	63411;	63490;	79;	3.31;	4.87;	0.50
753;	63490;	63568;	78;	1.31;	12.69;	4.00
754;	63568;	63646;	78;	-0.37;	-0.69;	-2.44
755;	63646;	63724;	78;	2.56;	-5.56;	-0.37
756;	63724;	63812;	88;	4.50;	-4.56;	-2.44
757;	63812;	63891;	79;	-2.00;	2.50;	0.19
758;	63891;	63969;	78;	-5.75;	2.25;	-2.75
759;	63969;	64059;	90;	-1.00;	-1.44;	-5.94
760;	64059;	64137;	78;	3.31;	-5.87;	-9.94
761;	64137;	64215;	78;	1.19;	-4.94;	-3.56
762;	64215;	64295;	80;	8.69;	-6.69;	-4.87
763;	64295;	64373;	78;	-7.56;	4.87;	1.69
764;	64373;	64469;	96;	-3.87;	4.56;	0.69
765;	64469;	64548;	79;	-1.69;	1.94;	0.37
766;	64548;	64627;	79;	1.75;	-1.12;	-0.44
767;	64627;	64707;	80;	1.62;	-0.88;	0.37
768;	64707;	64795;	88;	22.19;	1.37;	23.00
769;	64795;	64872;	77;	15.75;	-15.44;	2.12
770;	64872;	64949;	77;	-10.19;	11.56;	-0.50
771;	64949;	65027;	78;	5.00;	-6.44;	-0.75
772;	65027;	65108;	81;	-2.69;	3.31;	-0.31
773;	65108;	65188;	80;	2.50;	-2.50;	0.44
774;	65188;	65266;	78;	-0.06;	1.19;	0.50
775;	65266;	65345;	79;	0.75;	-1.37;	-0.37
776;	65345;	65434;	89;	0.00;	0.44;	-2.12
777;	65434;	65512;	78;	0.88;	-1.75;	-0.25
778;	65512;	65591;	79;	-0.75;	0.81;	0.25
779;	65591;	65669;	78;	1.56;	-1.69;	0.37
780;	65669;	65775;	106;	0.31;	-0.25;	-1.06
781;	65775;	65852;	77;	-1.25;	2.06;	-0.56
782;	65852;	65931;	79;	0.75;	-1.06;	-0.06
783;	65931;	66011;	80;	-0.37;	0.13;	-0.06
784;	66011;	66091;	80;	0.00;	-0.06;	-0.19
785;	66091;	66170;	79;	-0.37;	-0.06;	-0.06
786;	66170;	66251;	81;	-0.13;	0.19;	-0.19
787;	66251;	66331;	80;	-0.13;	0.06;	-0.69
788;	66331;	66411;	80;	-0.13;	0.37;	0.00
789;	66411;	66492;	81;	-0.31;	-0.25;	-0.19
790;	66492;	66571;	79;	0.06;	-0.37;	-0.50
791;	66571;	66652;	81;	-0.56;	0.50;	-0.31
792;	66652;	66772;	120;	-0.56;	0.19;	-0.06
793;	66772;	66864;	92;	-0.50;	0.13;	-1.25
794;	66864;	66944;	80;	0.06;	-0.19;	-0.69
795;	66944;	67023;	79;	0.62;	-0.13;	0.44
796;	67023;	67103;	80;	-0.25;	0.37;	-0.69
797;	67103;	67201;	98;	-0.13;	-0.81;	0.50
798;	67201;	67280;	79;	-0.69;	0.50;	0.25
799;	67280;	67358;	78;	-0.19;	-0.19;	-0.50
800;	67358;	67436;	78;	-0.31;	-0.06;	-0.50
801;	67436;	67516;	80;	0.06;	0.31;	-0.75
802;	67516;	67596;	80;	0.25;	-0.19;	-0.62
803;	67596;	67675;	79;	-0.69;	0.50;	-0.13
804;	67675;	67763;	88;	0.19;	0.06;	-0.62
805;	67763;	67842;	79;	-0.19;	0.56;	-0.50
806;	67842;	67920;	78;	-0.37;	0.13;	0.31
807;	67920;	67998;	78;	-0.06;	-0.37;	-0.94
808;	67998;	68077;	79;	-0.37;	0.00;	0.00
809;	68077;	68157;	80;	-0.56;	0.25;	-0.06
810;	68157;	68237;	80;	-0.37;	0.19;	-0.37
811;	68237;	68329;	92;	-0.81;	0.62;	0.37
812;	68329;	68408;	79;	-0.37;	0.31;	-0.06
813;	68408;	68506;	98;	1.44;	-0.19;	-1.12
814;	68506;	68584;	78;	-0.06;	0.25;	-0.37
815;	68584;	68662;	78;	-1.37;	1.19;	-0.62
816;	68662;	68748;	86;	1.31;	-1.87;	0.19
817;	68748;	68825;	77;	-0.56;	1.62;	0.13
818;	68825;	68903;	78;	0.94;	-0.69;	-0.56
819;	68903;	68981;	78;	-0.75;	-0.06;	-0.75
820;	68981;	69060;	79;	3.44;	-4.00;	-0.37
821;	69060;	69138;	78;	-0.56;	4.00;	1.06
822;	69138;	69219;	81;	-5.94;	4.00;	0.00
823;	69219;	69300;	81;	3.44;	-5.44;	0.37
824;	69300;	69378;	78;	2.94;	-3.19;	-0.13
825;	69378;	69457;	79;	4.37;	-4.62;	-1.12
826;	69457;	69535;	78;	-1.81;	0.81;	-0.56
827;	69535;	69613;	78;	-1.00;	2.75;	-2.69
828;	69613;	69711;	98;	-0.44;	-2.00;	-1.87
829;	69711;	69788;	77;	0.81;	-2.37;	-0.94
830;	69788;	69883;	95;	-0.75;	0.69;	-2.81
831;	69883;	69963;	80;	-1.81;	0.69;	0.00
832;	69963;	70040;	77;	0.31;	-1.19;	1.31
833;	70040;	70119;	79;	-5.37;	7.50;	-1.12
834;	70119;	70196;	77;	1.87;	0.75;	-0.56
835;	70196;	70275;	79;	13.13;	-11.12;	4.44
836;	70275;	70354;	79;	-3.25;	3.44;	-0.25
837;	70354;	70431;	77;	3.19;	-3.19;	0.06
838;	70431;	70510;	79;	-2.50;	3.06;	-0.25
839;	70510;	70587;	77;	0.31;	-0.75;	-0.62
840;	70587;	70674;	87;	0.56;	-1.00;	-0.13
841;	70674;	70754;	80;	-0.50;	0.56;	-0.31
842;	70754;	70831;	77;	0.00;	0.00;	-0.44
843;	70831;	70909;	78;	-0.31;	0.13;	-0.37
844;	70909;	70987;	78;	-0.31;	0.25;	-0.19
845;	70987;	71093;	106;	-1.50;	0.81;	-0.37
846;	71093;	71190;	97;	-0.62;	0.56;	0.19
847;	71190;	71268;	78;	0.56;	-1.12;	-0.19
848;	71268;	71347;	79;	-0.81;	0.44;	-0.31
849;	71347;	71427;	80;	-6.31;	6.69;	0.00
850;	71427;	71507;	80;	-6.12;	7.25;	-0.31
851;	71507;	71585;	78;	-5.56;	3.25;	0.13
852;	71585;	71672;	87;	2.12;	-4.62;	-0.31
853;	71672;	71749;	77;	1.69;	-2.50;	-0.19
854;	71749;	71829;	80;	0.56;	-0.44;	-1.37
855;	71829;	71909;	80;	-2.81;	2.94;	0.75
856;	71909;	71987;	78;	-1.62;	0.75;	1.56
857;	71987;	72067;	80;	-2.31;	0.88;	0.62
858;	72067;	72145;	78;	-0.56;	-0.37;	-0.81
859;	72145;	72223;	78;	-0.94;	-0.06;	-0.19
860;	72223;	72301;	78;	-2.06;	-1.25;	0.13
861;	72301;	72381;	80;	-3.19;	-1.81;	-1.62
862;	72381;	72460;	79;	-5.00;	-2.12;	-2.00
863;	72460;	72566;	106;	-5.06;	-1.06;	-1.25
864;	72566;	72652;	86;	-4.62;	0.19;	-0.75
865;	72652;	72732;	80;	-6.56;	0.19;	-1.12
866;	72732;	72811;	79;	1.44;	-1.31;	-2.25
867;	72811;	72889;	78;	-2.75;	-9.00;	-2.69
868;	72889;	72968;	79;	-8.69;	-12.63;	-8.13
869;	72968;	73046;	78;	-17.75;	-17.56;	-10.13
870;	73046;	73124;	78;	-13.25;	-11.56;	-9.94
871;	73124;	73202;	78;	-4.31;	-4.37;	-8.88
872;	73202;	73283;	81;	-21.94;	-6.69;	-2.37
873;	73283;	73363;	80;	-8.38;	-6.56;	-1.94
874;	73363;	73441;	78;	-3.12;	-3.69;	-3.50
875;	73441;	73529;	88;	-8.63;	-3.37;	-1.31
876;	73529;	73607;	78;	-1.62;	-2.19;	0.37
877;	73607;	73685;	78;	-3.69;	-12.06;	3.50
878;	73685;	73764;	79;	-3.75;	-22.81;	3.81
879;	73764;	73870;	106;	-3.31;	-33.50;	2.37
880;	73870;	73947;	77;	-0.88;	-38.56;	1.37
881;	73947;	74026;	79;	-3.75;	-36.44;	3.00
882;	74026;	74103;	77;	-3.69;	-31.19;	4.87
883;	74103;	74183;	80;	4.00;	-29.50;	5.37
884;	74183;	74260;	77;	-3.56;	-31.31;	8.94
885;	74260;	74338;	78;	3.12;	-29.75;	6.56
886;	74338;	74417;	79;	4.62;	-26.00;	2.94
887;	74417;	74503;	86;	4.00;	-33.50;	5.94
888;	74503;	74580;	77;	8.31;	-37.88;	8.63
889;	74580;	74658;	78;	2.12;	-30.94;	11.56
890;	74658;	74738;	80;	3.50;	-25.81;	12.69
891;	74738;	74817;	79;	-4.87;	-20.62;	9.69
892;	74817;	74895;	78;	8.31;	-14.50;	2.62
893;	74895;	74974;	79;	6.19;	-14.69;	4.87
894;	74974;	75052;	78;	2.69;	-13.00;	4.19
895;	75052;	75130;	78;	1.12;	-7.50;	1.25
896;	75130;	75224;	94;	-0.25;	8.50;	-1.00
897;	75224;	75312;	88;	-4.81;	27.62;	-2.69
898;	75312;	75390;	78;	-9.56;	58.31;	-9.44
899;	75390;	75478;	88;	-13.38;	90.75;	-19.62
900;	75478;	75555;	77;	-22.13;	105.19;	-28.94
901;	75555;	75632;	77;	-24.31;	106.94;	-27.69
902;	75632;	75710;	78;	-23.38;	108.50;	-36.81
903;	75710;	75790;	80;	-8.44;	109.63;	-36.13
904;	75790;	75870;	80;	-17.56;	120.13;	-42.50
905;	75870;	75948;	78;	-9.81;	117.13;	-52.44
906;	75948;	76028;	80;	17.06;	110.44;	-47.62
907;	76028;	76106;	78;	37.88;	91.25;	-20.62
908;	76106;	76184;	78;	51.50;	65.31;	-18.94
909;	76184;	76262;	78;	25.06;	46.13;	-15.31
910;	76262;	76350;	88;	9.13;	27.25;	-12.13
911;	76350;	76431;	81;	-0.31;	0.62;	1.37
912;	76431;	76526;	95;	-29.75;	-52.81;	30.69
913;	76526;	76604;	78;	-42.69;	-85.94;	63.56
914;	76604;	76695;	91;	-54.31;	-137.94;	70.50
915;	76695;	76774;	79;	-65.50;	-184.69;	59.94
916;	76774;	76852;	78;	-21.87;	-161.69;	33.00
917;	76852;	76933;	81;	53.75;	-81.37;	44.00
918;	76933;	77011;	78;	44.13;	-7.00;	27.25
919;	77011;	77090;	79;	25.88;	39.63;	11.00
920;	77090;	77168;	78;	336.81;	73.62;	19.06
921;	77168;	77254;	86;	40.56;	-23.56;	-9.38
922;	77254;	77334;	80;	-12.69;	22.94;	-2.44
923;	77334;	77412;	78;	6.37;	-9.94;	-0.62
924;	77412;	77490;	78;	-4.94;	6.75;	-1.12
925;	77490;	77568;	78;	0.19;	-2.31;	-1.62
926;	77568;	77647;	79;	-1.75;	1.75;	0.62
927;	77647;	77726;	79;	1.81;	-2.37;	-0.81
928;	77726;	77804;	78;	-1.56;	0.06;	-4.44
929;	77804;	77902;	98;	-0.50;	0.44;	-4.75
930;	77902;	77980;	78;	-0.06;	-0.75;	-0.56
931;	77980;	78070;	90;	-1.56;	1.87;	-0.31
932;	78070;	78148;	78;	-1.81;	1.12;	0.13
933;	78148;	78236;	88;	-2.06;	2.94;	-2.25
934;	78236;	78313;	77;	0.56;	-0.62;	-3.87
935;	78313;	78391;	78;	0.00;	-0.69;	-2.31
936;	78391;	78469;	78;	-0.06;	1.00;	-0.31
937;	78469;	78549;	80;	0.19;	0.50;	-0.50
938;	78549;	78629;	80;	-0.06;	0.44;	-0.81
939;	78629;	78708;	79;	0.37;	0.31;	-0.13
940;	78708;	78788;	80;	2.56;	-1.00;	-0.69
941;	78788;	78866;	78;	0.88;	-0.25;	-0.13
942;	78866;	78945;	79;	0.69;	1.31;	0.69
943;	78945;	79023;	78;	-0.69;	-1.87;	-1.00
944;	79023;	79101;	78;	-0.25;	-0.62;	2.31
945;	79101;	79206;	105;	-2.25;	-1.19;	3.31
946;	79206;	79283;	77;	0.44;	-3.19;	4.31
947;	79283;	79361;	78;	-0.88;	3.69;	4.75
948;	79361;	79451;	90;	0.81;	2.50;	-2.00
949;	79451;	79531;	80;	-1.75;	1.12;	-9.06
950;	79531;	79609;	78;	2.56;	-7.50;	-5.37
951;	79609;	79689;	80;	-1.19;	1.50;	4.44
952;	79689;	79767;	78;	1.62;	-3.62;	4.81
953;	79767;	79845;	78;	-4.94;	4.87;	-0.56
954;	79845;	79923;	78;	1.06;	-0.94;	-4.31
955;	79923;	80003;	80;	-2.19;	3.37;	-1.87
956;	80003;	80083;	80;	1.94;	-0.88;	1.37
957;	80083;	80200;	117;	1.87;	-2.00;	0.37
958;	80200;	80278;	78;	-0.06;	1.12;	0.13
959;	80278;	80356;	78;	-5.87;	3.50;	-2.25
960;	80356;	80435;	79;	0.13;	-2.44;	-1.44
961;	80435;	80513;	78;	-1.69;	0.31;	3.81
962;	80513;	80610;	97;	-1.50;	-1.00;	0.13
963;	80610;	80688;	78;	1.87;	-0.44;	-2.06
964;	80688;	80766;	78;	-1.44;	2.25;	-1.00
965;	80766;	80845;	79;	2.12;	-1.56;	-1.12
966;	80845;	80934;	89;	-3.00;	3.75;	-2.25
967;	80934;	81011;	77;	1.44;	-4.62;	3.06
968;	81011;	81089;	78;	-2.56;	0.88;	4.69
969;	81089;	81175;	86;	1.37;	-2.00;	-1.00
970;	81175;	81256;	81;	-2.12;	1.75;	-3.12
971;	81256;	81336;	80;	0.50;	1.06;	0.31
972;	81336;	81414;	78;	1.00;	-1.69;	-0.81
973;	81414;	81493;	79;	1.62;	-1.75;	1.44
974;	81493;	81571;	78;	-1.25;	1.25;	1.06
975;	81571;	81649;	78;	1.00;	-2.44;	1.44
976;	81649;	81727;	78;	-1.19;	0.69;	-0.94
977;	81727;	81808;	81;	0.44;	-2.19;	-1.12
978;	81808;	81906;	98;	2.50;	-1.94;	1.50
979;	81906;	81984;	78;	0.00;	2.94;	-0.62
980;	81984;	82062;	78;	1.19;	-0.75;	-3.50
981;	82062;	82148;	86;	-1.25;	2.50;	-2.62
982;	82148;	82225;	77;	-0.19;	0.69;	-3.19
983;	82225;	82314;	89;	-1.00;	1.31;	-1.31
984;	82314;	82392;	78;	-0.50;	1.25;	0.62
985;	82392;	82471;	79;	0.81;	-0.19;	-0.50
986;	82471;	82550;	79;	0.19;	0.69;	-2.00
987;	82550;	82628;	78;	-0.56;	1.44;	-2.19
988;	82628;	82707;	79;	0.06;	-0.13;	-0.19
989;	82707;	82785;	78;	-0.06;	-0.13;	0.44
990;	82785;	82863;	78;	0.06;	-0.62;	-0.19
991;	82863;	82942;	79;	-1.12;	1.12;	-0.37
992;	82942;	83021;	79;	-0.19;	-0.13;	-0.31
993;	83021;	83122;	101;	-0.56;	-0.13;	0.37
994;	83122;	83202;	80;	0.00;	-0.62;	-0.31
995;	83202;	83299;	97;	0.25;	-0.25;	0.13
996;	83299;	83377;	78;	-0.56;	0.62;	-0.25
997;	83377;	83455;	78;	-0.25;	0.06;	0.13
998;	83455;	83534;	79;	0.06;	-0.06;	0.31
999;	83534;	83614;	80;	-0.75;	0.69;	-0.50
1000;	83614;	83705;	91;	-0.62;	0.56;	-0.56
1001;	83705;	83784;	79;	-0.25;	0.19;	-0.06
1002;	83784;	83864;	80;	-0.19;	-0.50;	-0.13
1003;	83864;	83944;	80;	-0.31;	0.25;	-0.31
1004;	83944;	84022;	78;	-0.06;	0.19;	0.19
1005;	84022;	84110;	88;	-0.06;	0.06;	0.00
1006;	84110;	84188;	78;	-0.25;	-0.13;	-0.06
1007;	84188;	84267;	79;	-0.06;	-0.37;	-0.19
1008;	84267;	84346;	79;	-0.81;	0.75;	-0.19
1009;	84346;	84425;	79;	-0.50;	0.31;	-0.13
1010;	84425;	84505;	80;	-0.19;	-0.19;	-0.62
1011;	84505;	84603;	98;	-0.25;	-0.06;	-0.37
1012;	84603;	84681;	78;	-0.13;	0.00;	0.19
