Contador	Anterior	Actual	Intervalo	X_acc	Y_acc	Z_acc
0;	0;	1984;	1984;	0.00;	0.00;	0.00
1;	1984;	2160;	176;	0.00;	0.00;	0.00
2;	2160;	2237;	77;	0.00;	0.00;	0.00
3;	2237;	2473;	236;	-0.35;	-1.18;	9.44
4;	2473;	2551;	78;	-0.33;	-1.20;	9.45
5;	2551;	2630;	79;	-0.35;	-1.18;	9.40
6;	2630;	2710;	80;	-0.36;	-1.19;	9.47
7;	2710;	2790;	80;	-0.33;	-1.21;	9.42
8;	2790;	2870;	80;	-0.34;	-1.20;	9.45
9;	2870;	2950;	80;	-0.36;	-1.20;	9.42
10;	2950;	3029;	79;	-0.34;	-1.19;	9.43
11;	3029;	3109;	80;	-0.36;	-1.19;	9.46
12;	3109;	3189;	80;	-0.35;	-1.17;	9.45
13;	3189;	3269;	80;	-0.35;	-1.19;	9.45
14;	3269;	3373;	104;	-0.35;	-1.19;	9.43
15;	3373;	3453;	80;	-0.35;	-1.21;	9.47
16;	3453;	3532;	79;	-0.35;	-1.17;	9.45
17;	3532;	3613;	81;	-0.33;	-1.22;	9.44
18;	3613;	3704;	91;	-0.34;	-1.21;	9.44
19;	3704;	3783;	79;	-0.36;	-1.18;	9.40
20;	3783;	3863;	80;	-0.34;	-1.18;	9.44
21;	3863;	3943;	80;	-0.35;	-1.19;	9.42
22;	3943;	4024;	81;	-0.34;	-1.20;	9.45
23;	4024;	4104;	80;	-0.34;	-1.18;	9.42
24;	4104;	4182;	78;	-0.35;	-1.18;	9.41
25;	4182;	4260;	78;	-0.36;	-1.19;	9.45
26;	4260;	4346;	86;	-0.35;	-1.19;	9.43
27;	4346;	4426;	80;	-0.35;	-1.20;	9.42
28;	4426;	4506;	80;	-0.34;	-1.20;	9.43
29;	4506;	4584;	78;	-0.35;	-1.20;	9.42
30;	4584;	4663;	79;	-0.34;	-1.19;	9.45
31;	4663;	4758;	95;	-0.34;	-1.20;	9.44
32;	4758;	4837;	79;	-0.35;	-1.19;	9.42
33;	4837;	4917;	80;	-0.35;	-1.20;	9.45
34;	4917;	4998;	81;	-0.35;	-1.20;	9.42
35;	4998;	5079;	81;	-0.34;	-1.22;	9.44
36;	5079;	5169;	90;	-0.34;	-1.18;	9.40
37;	5169;	5249;	80;	-0.36;	-1.21;	9.44
38;	5249;	5329;	80;	-0.35;	-1.21;	9.43
39;	5329;	5418;	89;	-0.36;	-1.21;	9.45
40;	5418;	5498;	80;	-0.36;	-1.20;	9.43
41;	5498;	5578;	80;	-0.35;	-1.19;	9.43
42;	5578;	5658;	80;	-0.34;	-1.21;	9.44
43;	5658;	5736;	78;	-0.35;	-1.16;	9.42
44;	5736;	5814;	78;	-0.35;	-1.18;	9.45
45;	5814;	5893;	79;	-0.33;	-1.19;	9.44
46;	5893;	5973;	80;	-0.35;	-1.20;	9.45
47;	5973;	6071;	98;	-0.35;	-1.19;	9.44
48;	6071;	6151;	80;	-0.35;	-1.20;	9.43
49;	6151;	6232;	81;	-0.34;	-1.20;	9.44
50;	6232;	6312;	80;	-0.34;	-1.21;	9.44
51;	6312;	6390;	78;	-0.34;	-1.19;	9.42
52;	6390;	6477;	87;	-0.33;	-1.20;	9.43
53;	6477;	6567;	90;	-0.34;	-1.20;	9.42
54;	6567;	6645;	78;	-0.33;	-1.19;	9.44
55;	6645;	6725;	80;	-0.34;	-1.17;	9.46
56;	6725;	6805;	80;	-0.33;	-1.19;	9.45
57;	6805;	6885;	80;	-0.34;	-1.20;	9.43
58;	6885;	6965;	80;	-0.33;	-1.21;	9.42
59;	6965;	7044;	79;	-0.34;	-1.19;	9.44
60;	7044;	7125;	81;	-0.36;	-1.19;	9.45
61;	7125;	7206;	81;	-0.35;	-1.20;	9.44
62;	7206;	7286;	80;	-0.34;	-1.19;	9.46
63;	7286;	7366;	80;	-0.35;	-1.19;	9.44
64;	7366;	7462;	96;	-0.35;	-1.19;	9.45
65;	7462;	7548;	86;	-0.33;	-1.21;	9.44
66;	7548;	7628;	80;	-0.35;	-1.18;	9.42
67;	7628;	7708;	80;	-0.33;	-1.18;	9.43
68;	7708;	7788;	80;	-0.34;	-1.18;	9.41
69;	7788;	7868;	80;	-0.36;	-1.19;	9.47
70;	7868;	7958;	90;	-0.33;	-1.18;	9.44
71;	7958;	8039;	81;	-0.33;	-1.19;	9.42
72;	8039;	8119;	80;	-0.35;	-1.20;	9.47
73;	8119;	8198;	79;	-0.35;	-1.19;	9.44
74;	8198;	8279;	81;	-0.35;	-1.20;	9.46
75;	8279;	8359;	80;	-0.33;	-1.18;	9.45
76;	8359;	8440;	81;	-0.34;	-1.18;	9.43
77;	8440;	8520;	80;	-0.34;	-1.18;	9.42
78;	8520;	8606;	86;	-0.35;	-1.19;	9.43
79;	8606;	8683;	77;	-0.35;	-1.19;	9.44
80;	8683;	8779;	96;	-0.34;	-1.19;	9.44
81;	8779;	8857;	78;	-0.36;	-1.19;	9.43
82;	8857;	8935;	78;	-0.34;	-1.21;	9.43
83;	8935;	9014;	79;	-0.36;	-1.21;	9.46
84;	9014;	9094;	80;	-0.35;	-1.20;	9.47
85;	9094;	9174;	80;	-0.35;	-1.20;	9.42
86;	9174;	9253;	79;	-0.34;	-1.18;	9.43
87;	9253;	9333;	80;	-0.34;	-1.21;	9.43
88;	9333;	9425;	92;	-0.36;	-1.20;	9.45
89;	9425;	9504;	79;	-0.34;	-1.20;	9.42
90;	9504;	9593;	89;	-0.34;	-1.20;	9.43
91;	9593;	9673;	80;	-0.34;	-1.18;	9.45
92;	9673;	9751;	78;	-0.35;	-1.18;	9.40
93;	9751;	9829;	78;	-0.35;	-1.18;	9.44
94;	9829;	9907;	78;	-0.34;	-1.20;	9.42
95;	9907;	9987;	80;	-0.36;	-1.20;	9.43
96;	9987;	10067;	80;	-0.33;	-1.20;	9.43
97;	10067;	10164;	97;	-0.35;	-1.20;	9.44
98;	10164;	10243;	79;	-0.36;	-1.20;	9.46
99;	10243;	10321;	78;	-0.37;	-1.17;	9.42
100;	10321;	10399;	78;	-0.35;	-1.19;	9.42
101;	10399;	10479;	80;	-0.34;	-1.20;	9.42
102;	10479;	10558;	79;	-0.33;	-1.20;	9.43
103;	10558;	10646;	88;	-0.34;	-1.20;	9.44
104;	10646;	10725;	79;	-0.33;	-1.21;	9.46
105;	10725;	10814;	89;	-0.35;	-1.20;	9.44
106;	10814;	10891;	77;	-0.35;	-1.21;	9.46
107;	10891;	10970;	79;	-0.34;	-1.21;	9.44
108;	10970;	11050;	80;	-0.35;	-1.21;	9.45
109;	11050;	11130;	80;	-0.36;	-1.19;	9.46
110;	11130;	11209;	79;	-0.34;	-1.19;	9.44
111;	11209;	11290;	81;	-0.34;	-1.22;	9.45
112;	11290;	11371;	81;	-0.34;	-1.20;	9.42
113;	11371;	11469;	98;	-0.33;	-1.19;	9.44
114;	11469;	11548;	79;	-0.34;	-1.19;	9.44
115;	11548;	11634;	86;	-0.35;	-1.19;	9.43
116;	11634;	11713;	79;	-0.34;	-1.19;	9.43
117;	11713;	11793;	80;	-0.33;	-1.19;	9.45
118;	11793;	11873;	80;	-0.33;	-1.19;	9.43
119;	11873;	11953;	80;	-0.35;	-1.22;	9.46
120;	11953;	12033;	80;	-0.35;	-1.20;	9.42
121;	12033;	12111;	78;	-0.35;	-1.22;	9.43
122;	12111;	12202;	91;	-0.35;	-1.19;	9.46
123;	12202;	12282;	80;	-0.36;	-1.17;	9.43
124;	12282;	12360;	78;	-0.34;	-1.20;	9.42
125;	12360;	12438;	78;	-0.29;	-1.13;	9.39
126;	12438;	12517;	79;	-0.36;	-1.18;	9.42
127;	12517;	12604;	87;	-0.34;	-1.21;	9.44
128;	12604;	12684;	80;	-0.39;	-1.26;	9.45
129;	12684;	12762;	78;	-0.30;	-1.19;	9.40
130;	12762;	12857;	95;	-0.14;	-1.13;	9.46
131;	12857;	12937;	80;	-0.03;	-1.26;	9.45
132;	12937;	13015;	78;	4.19;	-2.50;	9.55
133;	13015;	13095;	80;	2.78;	-0.52;	7.13
134;	13095;	13173;	78;	-1.14;	-0.82;	10.04
135;	13173;	13251;	78;	-4.70;	-1.70;	9.34
136;	13251;	13329;	78;	-5.33;	-0.74;	9.92
137;	13329;	13409;	80;	-6.51;	-1.24;	9.52
138;	13409;	13489;	80;	-3.93;	-0.98;	7.99
139;	13489;	13603;	114;	1.01;	-1.95;	8.16
140;	13603;	13681;	78;	9.08;	-1.40;	9.81
141;	13681;	13760;	79;	7.53;	-0.24;	9.42
142;	13760;	13840;	80;	3.29;	-0.54;	10.41
143;	13840;	13917;	77;	-3.55;	-0.67;	11.51
144;	13917;	13996;	79;	-5.30;	-1.10;	8.70
145;	13996;	14073;	77;	-8.69;	-3.21;	9.45
146;	14073;	14168;	95;	-6.21;	-1.46;	9.73
147;	14168;	14247;	79;	-3.65;	-1.26;	8.21
148;	14247;	14324;	77;	0.34;	-0.30;	8.36
149;	14324;	14403;	79;	8.47;	-0.60;	9.15
150;	14403;	14481;	78;	7.23;	-1.46;	9.40
151;	14481;	14570;	89;	5.35;	0.01;	9.99
152;	14570;	14650;	80;	-0.29;	-0.67;	8.00
153;	14650;	14727;	77;	-5.49;	-0.37;	8.66
154;	14727;	14805;	78;	-9.08;	-2.23;	10.05
155;	14805;	14883;	78;	-7.10;	-1.70;	10.94
156;	14883;	14963;	80;	-3.96;	-1.85;	9.84
157;	14963;	15055;	92;	-1.83;	0.50;	4.68
158;	15055;	15133;	78;	5.61;	-5.99;	4.89
159;	15133;	15214;	81;	10.63;	-0.23;	9.35
160;	15214;	15294;	80;	7.26;	0.45;	9.21
161;	15294;	15371;	77;	4.37;	0.95;	9.45
162;	15371;	15449;	78;	-0.85;	1.45;	7.48
163;	15449;	15585;	136;	-9.31;	-3.42;	10.73
164;	15585;	15665;	80;	-9.56;	-3.62;	10.79
165;	15665;	15746;	81;	-4.75;	-1.29;	9.46
166;	15746;	15824;	78;	-1.30;	-0.45;	7.83
167;	15824;	15904;	80;	7.71;	-2.83;	10.99
168;	15904;	15982;	78;	10.02;	-0.99;	9.09
169;	15982;	16060;	78;	7.56;	-0.69;	9.92
170;	16060;	16138;	78;	5.17;	-1.24;	11.65
171;	16138;	16218;	80;	0.60;	0.31;	9.32
172;	16218;	16298;	80;	-9.47;	-3.96;	8.72
173;	16298;	16376;	78;	-10.37;	-1.58;	9.05
174;	16376;	16468;	92;	-10.33;	-2.36;	10.36
175;	16468;	16556;	88;	-2.97;	0.45;	6.82
176;	16556;	16634;	78;	3.48;	-0.89;	7.92
177;	16634;	16712;	78;	8.51;	-0.26;	9.77
178;	16712;	16790;	78;	9.16;	-1.19;	9.93
179;	16790;	16888;	98;	4.55;	0.40;	9.81
180;	16888;	16968;	80;	-1.55;	-0.13;	9.16
181;	16968;	17048;	80;	-5.63;	-1.33;	5.71
182;	17048;	17125;	77;	-8.70;	-2.50;	9.87
183;	17125;	17203;	78;	-8.94;	-2.35;	9.07
184;	17203;	17281;	78;	-3.59;	-1.67;	10.69
185;	17281;	17361;	80;	-2.40;	-0.99;	7.68
186;	17361;	17439;	78;	5.36;	0.26;	10.19
187;	17439;	17526;	87;	8.75;	-0.22;	8.15
188;	17526;	17604;	78;	10.17;	-1.29;	9.58
189;	17604;	17682;	78;	4.60;	-1.58;	9.69
190;	17682;	17762;	80;	-1.89;	1.94;	9.99
191;	17762;	17851;	89;	-7.28;	-2.37;	11.53
192;	17851;	17928;	77;	-9.55;	-1.35;	9.73
193;	17928;	18006;	78;	-9.76;	-2.32;	9.08
194;	18006;	18084;	78;	-2.82;	-0.03;	9.54
195;	18084;	18164;	80;	4.21;	0.47;	10.76
196;	18164;	18259;	95;	6.18;	-2.05;	9.62
197;	18259;	18337;	78;	2.71;	-1.44;	9.34
198;	18337;	18416;	79;	0.27;	-1.38;	9.47
199;	18416;	18502;	86;	0.21;	-1.69;	9.66
200;	18502;	18579;	77;	0.48;	-5.27;	9.60
201;	18579;	18657;	78;	1.15;	-4.03;	6.93
202;	18657;	18734;	77;	0.53;	-2.18;	8.11
203;	18734;	18814;	80;	0.99;	6.20;	9.91
204;	18814;	18892;	78;	-2.00;	2.38;	9.54
205;	18892;	18970;	78;	0.56;	3.91;	10.76
206;	18970;	19048;	78;	-0.28;	-1.25;	12.70
207;	19048;	19128;	80;	1.36;	-6.69;	7.10
208;	19128;	19208;	80;	-0.33;	-7.87;	9.25
209;	19208;	19297;	89;	-0.36;	-3.07;	11.14
210;	19297;	19378;	81;	0.72;	-1.70;	13.71
211;	19378;	19467;	89;	0.02;	6.30;	9.55
212;	19467;	19562;	95;	-1.34;	8.61;	9.86
213;	19562;	19640;	78;	-1.57;	4.02;	11.94
214;	19640;	19720;	80;	0.65;	-5.68;	8.41
215;	19720;	19798;	78;	-0.81;	-10.97;	9.95
216;	19798;	19878;	80;	1.08;	-10.81;	8.21
217;	19878;	19958;	80;	-0.92;	-3.19;	14.20
218;	19958;	20036;	78;	-0.56;	3.23;	7.70
219;	20036;	20114;	78;	-0.74;	7.14;	6.86
220;	20114;	20192;	78;	-2.82;	6.90;	9.29
221;	20192;	20272;	80;	0.90;	3.97;	10.54
222;	20272;	20350;	78;	-1.01;	0.18;	4.72
223;	20350;	20439;	89;	-0.59;	-8.69;	8.12
224;	20439;	20518;	79;	1.17;	-10.03;	9.29
225;	20518;	20596;	78;	-0.52;	-5.54;	7.29
226;	20596;	20686;	90;	-0.86;	-0.19;	11.75
227;	20686;	20764;	78;	-1.28;	7.06;	10.09
228;	20764;	20842;	78;	1.45;	0.79;	9.10
229;	20842;	20941;	99;	0.39;	6.35;	7.79
230;	20941;	21021;	80;	-0.87;	-2.86;	11.73
231;	21021;	21099;	78;	1.47;	-7.71;	7.70
232;	21099;	21177;	78;	-0.49;	-9.37;	8.87
233;	21177;	21256;	79;	1.10;	-6.96;	9.89
234;	21256;	21336;	80;	-0.26;	-2.64;	4.61
235;	21336;	21424;	88;	-2.73;	10.40;	7.28
236;	21424;	21501;	77;	-1.84;	3.81;	9.25
237;	21501;	21579;	78;	2.46;	6.70;	4.92
238;	21579;	21657;	78;	-1.17;	0.73;	10.25
239;	21657;	21737;	80;	-1.35;	-5.57;	10.79
240;	21737;	21817;	80;	0.12;	-9.02;	7.66
241;	21817;	21895;	78;	-0.94;	-10.71;	10.23
242;	21895;	21975;	80;	0.05;	-1.20;	8.26
243;	21975;	22064;	89;	-0.46;	9.32;	6.54
244;	22064;	22141;	77;	-0.03;	0.92;	9.60
245;	22141;	22237;	96;	-0.98;	5.36;	6.92
246;	22237;	22318;	81;	-0.46;	-3.24;	5.21
247;	22318;	22404;	86;	-0.40;	-10.55;	9.27
248;	22404;	22481;	77;	0.96;	-11.27;	9.50
249;	22481;	22559;	78;	-0.79;	-3.91;	13.87
250;	22559;	22639;	80;	-0.05;	0.89;	3.65
251;	22639;	22719;	80;	-1.82;	7.86;	8.50
252;	22719;	22797;	78;	-1.18;	2.75;	9.48
253;	22797;	22876;	79;	1.05;	4.97;	8.35
254;	22876;	22954;	78;	-1.12;	-0.27;	10.68
255;	22954;	23032;	78;	0.44;	-9.82;	9.29
256;	23032;	23110;	78;	0.40;	-12.94;	7.63
257;	23110;	23191;	81;	-0.65;	-5.97;	8.64
258;	23191;	23271;	80;	0.10;	0.45;	14.46
259;	23271;	23357;	86;	-1.41;	14.82;	10.67
260;	23357;	23446;	89;	-1.31;	8.52;	10.87
261;	23446;	23524;	78;	-0.33;	3.53;	6.48
262;	23524;	23618;	94;	-1.89;	-3.33;	6.18
263;	23618;	23695;	77;	0.07;	-12.00;	8.43
264;	23695;	23774;	79;	0.33;	-7.59;	12.65
265;	23774;	23851;	77;	-1.05;	-3.59;	6.97
266;	23851;	23930;	79;	-0.69;	3.12;	7.78
267;	23930;	24007;	77;	-1.18;	10.51;	8.30
268;	24007;	24086;	79;	-0.12;	6.94;	8.92
269;	24086;	24164;	78;	-0.08;	5.23;	8.45
270;	24164;	24245;	81;	-0.29;	-3.91;	2.83
271;	24245;	24334;	89;	0.16;	-11.86;	8.92
272;	24334;	24411;	77;	0.62;	-7.87;	9.68
273;	24411;	24488;	77;	0.16;	-2.43;	7.50
274;	24488;	24566;	78;	-3.40;	5.72;	8.47
275;	24566;	24647;	81;	-0.21;	6.53;	9.15
276;	24647;	24727;	80;	-0.05;	5.58;	9.31
277;	24727;	24805;	78;	-1.42;	4.74;	9.65
278;	24805;	24915;	110;	-0.51;	-6.12;	9.56
279;	24915;	24995;	80;	-1.28;	-8.24;	9.97
280;	24995;	25074;	79;	0.62;	-6.04;	11.26
281;	25074;	25152;	78;	-1.31;	-2.06;	10.45
282;	25152;	25230;	78;	-0.10;	5.79;	9.67
283;	25230;	25316;	86;	-1.24;	0.92;	9.39
284;	25316;	25395;	79;	0.97;	3.51;	8.06
285;	25395;	25473;	78;	-0.59;	0.68;	8.12
286;	25473;	25552;	79;	0.46;	-6.16;	12.60
287;	25552;	25631;	79;	-1.60;	-8.11;	8.80
288;	25631;	25709;	78;	-1.37;	-5.80;	10.71
289;	25709;	25790;	81;	1.42;	-3.10;	9.51
290;	25790;	25868;	78;	-2.06;	3.12;	9.69
291;	25868;	25947;	79;	-0.68;	6.12;	8.41
292;	25947;	26025;	78;	-1.88;	7.88;	9.73
293;	26025;	26103;	78;	0.05;	3.17;	9.62
294;	26103;	26182;	79;	0.05;	-3.60;	6.55
295;	26182;	26296;	114;	0.15;	-8.31;	9.79
296;	26296;	26374;	78;	-0.33;	-9.55;	9.02
297;	26374;	26453;	79;	-1.54;	-2.14;	9.33
298;	26453;	26533;	80;	0.07;	2.03;	7.68
299;	26533;	26611;	78;	-1.18;	9.15;	11.77
300;	26611;	26690;	79;	-3.08;	7.66;	9.86
301;	26690;	26767;	77;	0.77;	4.27;	7.54
302;	26767;	26846;	79;	-0.42;	-9.94;	15.01
303;	26846;	26924;	78;	-0.71;	-3.48;	9.52
304;	26924;	27005;	81;	-0.81;	-3.94;	10.49
305;	27005;	27085;	80;	0.85;	2.23;	10.23
306;	27085;	27163;	78;	-0.37;	-1.20;	9.26
307;	27163;	27264;	101;	-0.33;	-1.20;	9.45
308;	27264;	27344;	80;	0.19;	-1.13;	9.49
309;	27344;	27424;	80;	-0.33;	-1.33;	9.44
310;	27424;	27503;	79;	-0.48;	-1.19;	9.45
311;	27503;	27598;	95;	-0.32;	-1.25;	9.46
312;	27598;	27704;	106;	-0.34;	-1.22;	9.45
313;	27704;	27782;	78;	-0.33;	-1.23;	9.44
314;	27782;	27860;	78;	-0.32;	-1.26;	9.44
315;	27860;	27939;	79;	-0.32;	-1.26;	9.43
316;	27939;	28018;	79;	-0.33;	-1.25;	9.42
317;	28018;	28098;	80;	-0.33;	-1.24;	9.45
318;	28098;	28178;	80;	-0.31;	-1.19;	9.43
319;	28178;	28266;	88;	-0.33;	-1.23;	9.45
320;	28266;	28343;	77;	-0.33;	-1.25;	9.44
321;	28343;	28421;	78;	-0.27;	-1.25;	9.35
322;	28421;	28501;	80;	1.04;	-0.82;	9.40
323;	28501;	28578;	77;	-0.62;	-1.40;	9.69
324;	28578;	28656;	78;	0.90;	-2.33;	9.56
325;	28656;	28734;	78;	0.00;	-2.21;	11.07
326;	28734;	28813;	79;	-2.58;	-1.48;	9.39
327;	28813;	28892;	79;	-3.87;	-0.04;	10.16
328;	28892;	28987;	95;	-2.60;	0.55;	6.96
329;	28987;	29075;	88;	0.88;	-2.67;	12.87
330;	29075;	29154;	79;	0.56;	-0.25;	6.93
331;	29154;	29271;	117;	0.34;	-0.95;	7.74
332;	29271;	29351;	80;	-0.59;	-1.42;	9.37
333;	29351;	29429;	78;	-0.27;	-2.14;	11.38
334;	29429;	29507;	78;	-2.20;	-3.09;	13.51
335;	29507;	29585;	78;	0.21;	-0.94;	9.24
336;	29585;	29665;	80;	-0.09;	-1.27;	9.22
337;	29665;	29745;	80;	0.13;	-0.91;	9.45
338;	29745;	29823;	78;	-3.10;	-1.74;	15.80
339;	29823;	29903;	80;	0.22;	-2.30;	18.98
340;	29903;	29981;	78;	-0.12;	-0.29;	5.08
341;	29981;	30059;	78;	0.14;	-1.91;	0.38
342;	30059;	30137;	78;	0.49;	-3.03;	-2.30
343;	30137;	30225;	88;	-0.42;	-0.27;	5.42
344;	30225;	30322;	97;	0.72;	-2.24;	17.96
345;	30322;	30400;	78;	2.06;	-6.90;	27.10
346;	30400;	30490;	90;	-0.48;	-1.32;	18.89
347;	30490;	30569;	79;	-1.13;	-0.22;	8.30
348;	30569;	30649;	80;	0.23;	-2.79;	-1.47
349;	30649;	30727;	78;	0.33;	-3.14;	-3.13
350;	30727;	30808;	81;	-0.99;	-1.05;	3.14
351;	30808;	30886;	78;	-0.60;	0.46;	13.72
352;	30886;	30965;	79;	-0.11;	-0.87;	15.46
353;	30965;	31043;	78;	-0.13;	-1.70;	17.64
354;	31043;	31121;	78;	1.00;	0.01;	16.19
355;	31121;	31209;	88;	-0.13;	-0.64;	9.21
356;	31209;	31287;	78;	0.50;	-2.78;	-1.66
357;	31287;	31365;	78;	0.87;	-3.01;	-2.01
358;	31365;	31443;	78;	-0.95;	-0.73;	2.37
359;	31443;	31522;	79;	-1.60;	-0.12;	10.89
360;	31522;	31602;	80;	0.57;	-0.66;	16.95
361;	31602;	31698;	96;	0.16;	-2.57;	18.98
362;	31698;	31776;	78;	1.90;	-1.51;	16.52
363;	31776;	31854;	78;	-0.91;	-0.66;	9.20
364;	31854;	31942;	88;	0.67;	-1.99;	-0.70
365;	31942;	32023;	81;	1.33;	-2.66;	-3.03
366;	32023;	32112;	89;	0.04;	-0.29;	3.63
367;	32112;	32189;	77;	0.30;	-2.14;	11.25
368;	32189;	32267;	78;	-0.75;	-4.46;	17.07
369;	32267;	32345;	78;	-1.20;	-6.53;	13.63
370;	32345;	32425;	80;	11.44;	0.55;	3.31
371;	32425;	32505;	80;	0.37;	-1.89;	8.99
372;	32505;	32583;	78;	-0.54;	-1.19;	7.52
373;	32583;	32663;	80;	-0.32;	-0.90;	8.83
374;	32663;	32741;	78;	-1.10;	-2.52;	17.74
375;	32741;	32819;	78;	1.78;	-0.67;	22.99
376;	32819;	32897;	78;	0.01;	1.05;	6.44
377;	32897;	32994;	97;	-0.42;	-3.48;	-6.21
378;	32994;	33081;	87;	-0.99;	-0.80;	-5.49
379;	33081;	33159;	78;	-0.03;	0.71;	8.52
380;	33159;	33237;	78;	1.31;	-2.71;	21.24
381;	33237;	33328;	91;	1.96;	-4.07;	22.75
382;	33328;	33408;	80;	2.14;	0.31;	19.28
383;	33408;	33485;	77;	-0.90;	0.52;	6.74
384;	33485;	33563;	78;	-0.67;	-2.72;	-4.55
385;	33563;	33641;	78;	0.88;	-2.80;	-7.45
386;	33641;	33720;	79;	-0.39;	-0.18;	1.13
387;	33720;	33797;	77;	0.67;	-1.30;	13.42
388;	33797;	33876;	79;	-1.95;	-2.79;	20.02
389;	33876;	33954;	78;	1.53;	-4.07;	23.00
390;	33954;	34041;	87;	2.70;	-1.97;	17.88
391;	34041;	34121;	80;	0.21;	0.31;	6.61
392;	34121;	34199;	78;	-0.01;	-2.47;	-4.09
393;	34199;	34279;	80;	0.61;	-3.08;	-6.42
394;	34279;	34377;	98;	-0.48;	0.71;	4.10
395;	34377;	34455;	78;	-0.60;	-0.42;	17.02
396;	34455;	34534;	79;	0.13;	-4.27;	21.78
397;	34534;	34613;	79;	3.57;	-4.96;	19.88
398;	34613;	34702;	89;	-0.66;	-1.21;	17.01
399;	34702;	34783;	81;	0.12;	-0.02;	4.66
400;	34783;	34863;	80;	0.46;	-2.82;	-5.17
401;	34863;	34941;	78;	0.56;	-2.46;	-4.80
402;	34941;	35028;	87;	-0.67;	0.57;	1.73
403;	35028;	35106;	78;	-1.85;	-2.50;	16.40
404;	35106;	35186;	80;	-0.81;	-5.48;	19.91
405;	35186;	35266;	80;	3.99;	-4.34;	21.99
406;	35266;	35344;	78;	2.02;	-1.23;	20.31
407;	35344;	35425;	81;	0.62;	0.56;	11.29
408;	35425;	35503;	78;	-1.55;	-1.31;	-2.77
409;	35503;	35582;	79;	1.43;	-4.50;	-8.68
410;	35582;	35677;	95;	0.46;	-0.67;	-3.36
411;	35677;	35755;	78;	-0.25;	0.74;	13.28
412;	35755;	35835;	80;	-0.56;	-5.25;	23.55
413;	35835;	35915;	80;	1.89;	-6.13;	22.94
414;	35915;	36001;	86;	2.49;	-3.65;	22.18
415;	36001;	36091;	90;	0.26;	-0.60;	9.07
416;	36091;	36169;	78;	-1.08;	-0.73;	0.35
417;	36169;	36247;	78;	-0.07;	-3.34;	-7.57
418;	36247;	36328;	81;	0.01;	-2.18;	-4.38
419;	36328;	36406;	78;	0.09;	0.70;	3.96
420;	36406;	36485;	79;	-1.63;	0.90;	14.74
421;	36485;	36563;	78;	0.23;	-5.14;	22.70
422;	36563;	36642;	79;	2.54;	-5.76;	23.14
423;	36642;	36721;	79;	1.53;	-2.35;	21.12
424;	36721;	36799;	78;	-0.90;	2.74;	5.27
425;	36799;	36880;	81;	-0.85;	-1.54;	-5.71
426;	36880;	36966;	86;	0.13;	-2.25;	-6.80
427;	36966;	37061;	95;	0.40;	1.28;	2.86
428;	37061;	37142;	81;	-1.57;	0.45;	16.51
429;	37142;	37222;	80;	-2.84;	-5.24;	23.24
430;	37222;	37300;	78;	2.28;	-5.96;	21.66
431;	37300;	37380;	80;	2.30;	-2.08;	19.71
432;	37380;	37457;	77;	-1.56;	1.13;	9.54
433;	37457;	37546;	89;	-0.29;	-1.66;	-3.21
434;	37546;	37625;	79;	-0.25;	-2.80;	-6.22
435;	37625;	37703;	78;	0.41;	0.24;	-0.62
436;	37703;	37784;	81;	-0.24;	2.33;	12.44
437;	37784;	37862;	78;	-1.52;	0.27;	22.98
438;	37862;	37950;	88;	-0.26;	-0.27;	15.12
439;	37950;	38027;	77;	-0.46;	0.30;	10.70
440;	38027;	38105;	78;	0.09;	0.92;	8.56
441;	38105;	38185;	80;	-0.01;	0.86;	8.17
442;	38185;	38263;	78;	0.50;	0.23;	8.68
443;	38263;	38360;	97;	0.33;	-0.21;	9.38
444;	38360;	38438;	78;	0.43;	-0.24;	9.83
445;	38438;	38516;	78;	0.45;	-0.69;	9.70
446;	38516;	38597;	81;	0.49;	-1.09;	10.11
447;	38597;	38677;	80;	-0.48;	-0.01;	10.50
448;	38677;	38755;	78;	0.04;	1.53;	8.20
449;	38755;	38834;	79;	0.42;	2.23;	11.11
450;	38834;	38930;	96;	0.44;	1.81;	8.82
451;	38930;	39007;	77;	-1.31;	1.33;	9.16
452;	39007;	39087;	80;	-1.33;	1.57;	8.11
453;	39087;	39165;	78;	-1.12;	1.67;	8.41
454;	39165;	39243;	78;	-3.46;	2.52;	7.20
455;	39243;	39321;	78;	-3.07;	2.02;	8.43
456;	39321;	39401;	80;	-3.43;	3.21;	5.24
457;	39401;	39481;	80;	-3.38;	5.07;	6.41
458;	39481;	39558;	77;	-5.28;	4.05;	6.98
459;	39558;	39637;	79;	-3.84;	3.62;	8.22
460;	39637;	39732;	95;	-1.51;	4.85;	-0.31
461;	39732;	39809;	77;	-1.34;	7.31;	-3.05
462;	39809;	39896;	87;	-2.38;	6.29;	-9.32
463;	39896;	39974;	78;	-0.46;	3.54;	-6.44
464;	39974;	40053;	79;	2.70;	0.87;	-10.29
465;	40053;	40133;	80;	1.79;	0.09;	-11.97
466;	40133;	40211;	78;	2.86;	-4.15;	-6.00
467;	40211;	40301;	90;	0.80;	-4.43;	-9.93
468;	40301;	40380;	79;	0.74;	-1.07;	-9.62
469;	40380;	40458;	78;	0.14;	-3.05;	-9.41
470;	40458;	40536;	78;	0.05;	-2.37;	-9.45
471;	40536;	40614;	78;	-0.80;	-0.99;	-9.73
472;	40614;	40694;	80;	-0.87;	-2.02;	-10.67
473;	40694;	40772;	78;	-1.17;	-2.13;	-9.73
474;	40772;	40859;	87;	-0.83;	-2.32;	-9.55
475;	40859;	40937;	78;	0.33;	-2.44;	-8.55
476;	40937;	41031;	94;	0.44;	-1.95;	-9.82
477;	41031;	41109;	78;	0.17;	-1.83;	-9.73
478;	41109;	41188;	79;	0.19;	-2.03;	-10.05
479;	41188;	41266;	78;	0.35;	-1.93;	-9.89
480;	41266;	41346;	80;	0.32;	-1.72;	-9.95
481;	41346;	41424;	78;	0.25;	-1.86;	-9.79
482;	41424;	41502;	78;	0.18;	-1.97;	-15.41
483;	41502;	41580;	78;	0.56;	-3.07;	-17.12
484;	41580;	41659;	79;	1.06;	-1.31;	-9.36
485;	41659;	41751;	92;	-0.45;	0.59;	1.75
486;	41751;	41837;	86;	0.17;	0.35;	1.22
487;	41837;	41914;	77;	1.06;	-0.15;	-4.15
488;	41914;	41992;	78;	-0.07;	-0.43;	-14.19
489;	41992;	42070;	78;	-1.29;	0.14;	-20.84
490;	42070;	42150;	80;	0.03;	0.60;	-19.60
491;	42150;	42228;	78;	2.78;	0.05;	-19.18
492;	42228;	42307;	79;	0.65;	-3.31;	-14.99
493;	42307;	42403;	96;	1.12;	-1.23;	-3.72
494;	42403;	42481;	78;	0.47;	0.99;	4.61
495;	42481;	42561;	80;	-0.09;	0.71;	2.41
496;	42561;	42642;	81;	0.08;	-2.21;	-1.54
497;	42642;	42720;	78;	2.93;	-0.91;	-10.73
498;	42720;	42857;	137;	-0.38;	-1.17;	-19.02
499;	42857;	42935;	78;	0.67;	-1.89;	-22.58
500;	42935;	43014;	79;	1.67;	-3.36;	-17.61
501;	43014;	43094;	80;	1.45;	-0.53;	-5.24
502;	43094;	43183;	89;	0.08;	1.23;	5.53
503;	43183;	43264;	81;	0.28;	0.12;	3.50
504;	43264;	43344;	80;	0.22;	-2.46;	-2.06
505;	43344;	43421;	77;	0.84;	-1.29;	-17.07
506;	43421;	43498;	77;	0.28;	-1.81;	-18.83
507;	43498;	43576;	78;	0.95;	-1.11;	-21.54
508;	43576;	43656;	80;	1.68;	-2.45;	-22.75
509;	43656;	43750;	94;	0.67;	-3.58;	-12.26
510;	43750;	43836;	86;	-0.44;	-0.90;	4.08
511;	43836;	43916;	80;	-0.47;	0.66;	6.79
512;	43916;	43997;	81;	0.13;	0.05;	2.09
513;	43997;	44075;	78;	-0.58;	-2.81;	-2.63
514;	44075;	44154;	79;	-0.46;	-2.65;	-16.00
515;	44154;	44231;	77;	0.79;	-2.07;	-19.09
516;	44231;	44310;	79;	1.20;	-0.56;	-23.77
517;	44310;	44388;	78;	2.22;	-1.64;	-23.14
518;	44388;	44469;	81;	0.27;	-4.09;	-14.33
519;	44469;	44561;	92;	-0.05;	-2.71;	2.91
520;	44561;	44639;	78;	-0.04;	0.74;	5.99
521;	44639;	44728;	89;	0.03;	-0.06;	1.14
522;	44728;	44808;	80;	-0.37;	-3.58;	-3.27
523;	44808;	44885;	77;	-0.07;	-3.50;	-14.88
524;	44885;	44963;	78;	-1.07;	-2.97;	-21.93
525;	44963;	45041;	78;	0.37;	-0.88;	-24.15
526;	45041;	45138;	97;	1.62;	-3.25;	-23.14
527;	45138;	45216;	78;	-0.18;	-6.28;	-17.87
528;	45216;	45294;	78;	0.11;	-3.08;	1.77
529;	45294;	45373;	79;	0.64;	-0.10;	7.09
530;	45373;	45453;	80;	0.53;	-0.38;	4.75
531;	45453;	45531;	78;	-0.46;	-2.32;	-0.72
532;	45531;	45611;	80;	0.09;	-4.93;	-13.36
533;	45611;	45697;	86;	1.37;	-5.55;	-22.31
534;	45697;	45775;	78;	-0.41;	-3.67;	-21.52
535;	45775;	45855;	80;	-0.25;	-2.33;	-15.65
536;	45855;	45944;	89;	-0.18;	-0.53;	-7.88
537;	45944;	46024;	80;	-0.05;	-0.23;	-6.09
538;	46024;	46104;	80;	-0.80;	3.15;	-2.18
539;	46104;	46182;	78;	-2.20;	4.60;	-4.03
540;	46182;	46261;	79;	-4.18;	4.38;	2.13
541;	46261;	46338;	77;	-5.54;	5.77;	6.03
542;	46338;	46434;	96;	-2.27;	3.07;	6.57
543;	46434;	46514;	80;	-0.87;	0.41;	9.88
544;	46514;	46591;	77;	-1.30;	-1.10;	10.49
545;	46591;	46677;	86;	-1.17;	-1.18;	10.62
546;	46677;	46757;	80;	-1.07;	0.61;	6.84
547;	46757;	46834;	77;	3.06;	5.86;	8.37
548;	46834;	46912;	78;	0.22;	-0.79;	9.27
549;	46912;	46990;	78;	-0.35;	-1.13;	9.50
550;	46990;	47069;	79;	-0.36;	-1.08;	9.40
551;	47069;	47149;	80;	2.18;	-1.59;	9.51
552;	47149;	47229;	80;	5.87;	-1.31;	8.40
553;	47229;	47309;	80;	-1.62;	-4.75;	16.10
554;	47309;	47398;	89;	-6.85;	-1.12;	9.54
555;	47398;	47479;	81;	-7.73;	-2.33;	9.52
556;	47479;	47559;	80;	-7.39;	-2.76;	11.74
557;	47559;	47645;	86;	3.62;	-2.31;	8.10
558;	47645;	47722;	77;	11.40;	-6.30;	10.78
559;	47722;	47818;	96;	10.13;	-1.10;	10.34
560;	47818;	47896;	78;	5.66;	-0.82;	8.39
561;	47896;	47974;	78;	-4.75;	-1.20;	9.90
562;	47974;	48052;	78;	-11.82;	-2.32;	9.74
563;	48052;	48132;	80;	-10.39;	-1.69;	10.86
564;	48132;	48212;	80;	-5.63;	0.62;	7.91
565;	48212;	48290;	78;	4.53;	-2.92;	12.78
566;	48290;	48369;	79;	14.39;	-0.67;	8.58
567;	48369;	48447;	78;	9.37;	-0.02;	9.35
568;	48447;	48525;	78;	3.35;	-0.09;	8.54
569;	48525;	48611;	86;	-6.22;	-2.25;	7.71
570;	48611;	48688;	77;	-9.95;	-2.12;	9.80
571;	48688;	48778;	90;	-9.73;	-2.08;	10.65
572;	48778;	48856;	78;	-3.85;	0.08;	8.79
573;	48856;	48936;	80;	10.45;	-0.40;	8.31
574;	48936;	49016;	80;	11.79;	-1.30;	9.35
575;	49016;	49111;	95;	6.80;	1.70;	9.36
576;	49111;	49189;	78;	-2.21;	1.64;	10.11
577;	49189;	49267;	78;	-13.27;	-3.96;	9.64
578;	49267;	49345;	78;	-8.67;	-2.12;	9.63
579;	49345;	49426;	81;	-6.84;	-0.50;	10.72
580;	49426;	49504;	78;	5.13;	1.76;	10.10
581;	49504;	49591;	87;	11.35;	0.11;	8.89
582;	49591;	49669;	78;	2.69;	-2.53;	9.33
583;	49669;	49747;	78;	-1.84;	-11.04;	9.93
584;	49747;	49828;	81;	3.30;	-0.89;	10.36
585;	49828;	49906;	78;	6.97;	6.39;	8.68
586;	49906;	49986;	80;	-1.30;	6.39;	7.79
587;	49986;	50065;	79;	-16.27;	-1.07;	9.11
588;	50065;	50154;	89;	-5.61;	-6.39;	9.56
589;	50154;	50232;	78;	9.24;	-6.91;	9.33
590;	50232;	50310;	78;	13.52;	-0.33;	9.20
591;	50310;	50390;	80;	4.26;	5.41;	13.46
592;	50390;	50487;	97;	-7.63;	6.56;	7.43
593;	50487;	50573;	86;	-13.71;	-1.94;	8.85
594;	50573;	50651;	78;	-0.87;	-8.59;	10.04
595;	50651;	50731;	80;	10.19;	-7.33;	7.01
596;	50731;	50808;	77;	8.12;	6.32;	7.95
597;	50808;	50886;	78;	3.16;	9.78;	8.51
598;	50886;	50964;	78;	-9.50;	3.51;	7.73
599;	50964;	51044;	80;	-10.70;	-2.19;	9.28
600;	51044;	51123;	79;	-4.33;	-5.86;	10.43
601;	51123;	51201;	78;	5.39;	-5.39;	9.95
602;	51201;	51281;	80;	10.62;	-0.67;	14.03
603;	51281;	51359;	78;	8.45;	4.48;	7.68
604;	51359;	51437;	78;	-1.26;	4.41;	0.06
605;	51437;	51535;	98;	-11.41;	-3.27;	5.42
606;	51535;	51612;	77;	-8.46;	-6.73;	13.11
607;	51612;	51691;	79;	0.78;	-8.47;	13.92
608;	51691;	51787;	96;	5.88;	-1.81;	13.00
609;	51787;	51865;	78;	9.00;	3.55;	12.58
610;	51865;	51946;	81;	4.20;	4.57;	8.85
611;	51946;	52026;	80;	-2.30;	3.06;	-1.65
612;	52026;	52104;	78;	-9.42;	-2.49;	2.28
613;	52104;	52184;	80;	-8.95;	-8.63;	14.30
614;	52184;	52262;	78;	-2.20;	-6.31;	12.12
615;	52262;	52340;	78;	2.60;	-3.75;	14.69
616;	52340;	52418;	78;	7.76;	2.31;	18.12
617;	52418;	52506;	88;	7.97;	4.88;	6.88
618;	52506;	52586;	80;	0.34;	2.81;	-0.90
619;	52586;	52664;	78;	-7.12;	0.01;	-1.19
620;	52664;	52742;	78;	-8.11;	-6.08;	12.77
621;	52742;	52820;	78;	-1.06;	-7.71;	15.14
622;	52820;	52900;	80;	4.50;	-6.92;	14.91
623;	52900;	52992;	92;	5.65;	-0.06;	18.89
624;	52992;	53070;	78;	5.24;	5.13;	9.42
625;	53070;	53167;	97;	-2.46;	1.67;	1.66
626;	53167;	53246;	79;	-6.93;	-0.61;	-1.01
627;	53246;	53324;	78;	-10.03;	-9.01;	10.36
628;	53324;	53403;	79;	-0.02;	-7.64;	12.57
629;	53403;	53490;	87;	6.70;	-3.34;	11.11
630;	53490;	53567;	77;	4.70;	0.71;	12.15
631;	53567;	53645;	78;	0.65;	1.75;	9.76
632;	53645;	53723;	78;	-2.91;	-1.98;	11.94
633;	53723;	53803;	80;	0.10;	-0.93;	8.77
634;	53803;	53883;	80;	-0.46;	-0.30;	8.02
635;	53883;	53961;	78;	-0.22;	-0.66;	9.50
636;	53961;	54040;	79;	-0.17;	-0.63;	9.41
637;	54040;	54118;	78;	-0.19;	-0.65;	9.41
638;	54118;	54196;	78;	-0.22;	-0.64;	9.45
639;	54196;	54275;	79;	-0.23;	-0.64;	9.41
640;	54275;	54367;	92;	-0.22;	-0.65;	9.43
641;	54367;	54472;	105;	-0.21;	-0.66;	9.43
642;	54472;	54551;	79;	-0.22;	-0.67;	9.41
643;	54551;	54629;	78;	-0.19;	-0.66;	9.40
644;	54629;	54708;	79;	-0.23;	-0.65;	9.42
645;	54708;	54787;	79;	-0.22;	-0.64;	9.45
646;	54787;	54865;	78;	-0.21;	-0.65;	9.41
647;	54865;	54945;	80;	-0.21;	-0.67;	9.45
648;	54945;	55024;	79;	-0.20;	-0.66;	9.44
649;	55024;	55103;	79;	-0.20;	-0.65;	9.46
650;	55103;	55181;	78;	-0.24;	-0.66;	9.44
651;	55181;	55260;	79;	-0.21;	-0.65;	9.40
652;	55260;	55339;	79;	-0.23;	-0.67;	9.43
653;	55339;	55413;	74;	-0.24;	-0.68;	9.41
654;	55413;	55491;	78;	-0.22;	-0.63;	9.43
655;	55491;	55570;	79;	-0.24;	-0.64;	9.43
656;	55570;	55650;	80;	-0.21;	-0.65;	9.47
657;	55650;	55730;	80;	-0.22;	-0.63;	9.44
658;	55730;	55839;	109;	-0.21;	-0.65;	9.40
659;	55839;	55917;	78;	-0.22;	-0.66;	9.41
660;	55917;	55995;	78;	-0.21;	-0.67;	9.45
661;	55995;	56073;	78;	-0.21;	-0.66;	9.43
662;	56073;	56152;	79;	-0.22;	-0.67;	9.46
663;	56152;	56232;	80;	-0.22;	-0.66;	9.43
664;	56232;	56366;	134;	-0.22;	-0.63;	9.40
665;	56366;	56444;	78;	-0.22;	-0.70;	9.45
666;	56444;	56523;	79;	-0.22;	-0.67;	9.43
667;	56523;	56603;	80;	-0.23;	-0.66;	9.44
668;	56603;	56683;	80;	-0.22;	-0.68;	9.43
669;	56683;	56763;	80;	-0.20;	-0.65;	9.42
670;	56763;	56843;	80;	-0.22;	-0.65;	9.43
671;	56843;	56921;	78;	-0.20;	-0.68;	9.45
672;	56921;	57000;	79;	-0.21;	-0.66;	9.42
673;	57000;	57078;	78;	-0.20;	-0.67;	9.45
674;	57078;	57156;	78;	-0.24;	-0.65;	9.42
675;	57156;	57280;	124;	-0.22;	-0.67;	9.44
676;	57280;	57366;	86;	-0.23;	-0.67;	9.42
677;	57366;	57493;	127;	-0.22;	-0.66;	9.42
678;	57493;	57571;	78;	-0.21;	-0.67;	9.41
679;	57571;	57649;	78;	-0.22;	-0.67;	9.45
680;	57649;	57728;	79;	-0.22;	-0.67;	9.42
681;	57728;	57807;	79;	-0.21;	-0.68;	9.42
682;	57807;	57887;	80;	-0.22;	-0.65;	9.42
683;	57887;	57967;	80;	-0.21;	-0.66;	9.44
684;	57967;	58047;	80;	-0.22;	-0.64;	9.45
685;	58047;	58125;	78;	-0.21;	-0.67;	9.42
686;	58125;	58204;	79;	-0.20;	-0.66;	9.43
687;	58204;	58282;	78;	-0.22;	-0.68;	9.41
688;	58282;	58369;	87;	-0.22;	-0.67;	9.43
689;	58369;	58449;	80;	-0.21;	-0.64;	9.42
690;	58449;	58527;	78;	-0.20;	-0.67;	9.41
691;	58527;	58624;	97;	-0.22;	-0.66;	9.43
692;	58624;	58713;	89;	-0.21;	-0.66;	9.42
693;	58713;	58792;	79;	-0.23;	-0.65;	9.44
694;	58792;	58871;	79;	-0.22;	-0.66;	9.43
695;	58871;	58951;	80;	-0.22;	-0.64;	9.46
696;	58951;	59029;	78;	-0.21;	-0.66;	9.42
697;	59029;	59109;	80;	-0.22;	-0.65;	9.44
698;	59109;	59188;	79;	-0.21;	-0.67;	9.43
699;	59188;	59265;	77;	-0.21;	-0.66;	9.43
700;	59265;	59352;	87;	-0.22;	-0.65;	9.43
701;	59352;	59430;	78;	-0.21;	-0.65;	9.40
702;	59430;	59509;	79;	-0.23;	-0.67;	9.44
703;	59509;	59587;	78;	-0.19;	-0.66;	9.39
704;	59587;	59665;	78;	-0.21;	-0.67;	9.46
705;	59665;	59744;	79;	-0.20;	-0.68;	9.44
706;	59744;	59824;	80;	-0.21;	-0.63;	9.44
707;	59824;	59904;	80;	-0.22;	-0.66;	9.42
708;	59904;	59999;	95;	-0.22;	-0.66;	9.42
709;	59999;	60088;	89;	-0.23;	-0.66;	9.41
710;	60088;	60167;	79;	-0.20;	-0.65;	9.43
711;	60167;	60246;	79;	-0.22;	-0.63;	9.42
712;	60246;	60334;	88;	-0.22;	-0.64;	9.41
713;	60334;	60414;	80;	-0.23;	-0.65;	9.43
714;	60414;	60494;	80;	-0.21;	-0.66;	9.44
715;	60494;	60573;	79;	-0.22;	-0.65;	9.43
716;	60573;	60651;	78;	-0.23;	-0.65;	9.42
717;	60651;	60729;	78;	-0.23;	-0.67;	9.43
718;	60729;	60808;	79;	-0.21;	-0.66;	9.43
719;	60808;	60887;	79;	-0.21;	-0.67;	9.42
720;	60887;	60968;	81;	-0.19;	-0.66;	9.45
721;	60968;	61049;	81;	-0.22;	-0.66;	9.45
722;	61049;	61129;	80;	-0.22;	-0.68;	9.44
723;	61129;	61209;	80;	-0.21;	-0.64;	9.42
724;	61209;	61313;	104;	-0.22;	-0.67;	9.43
725;	61313;	61391;	78;	-0.22;	-0.65;	9.38
726;	61391;	61481;	90;	-0.22;	-0.67;	9.43
727;	61481;	61561;	80;	-0.22;	-0.67;	9.44
728;	61561;	61640;	79;	-0.21;	-0.65;	9.44
729;	61640;	61721;	81;	-0.21;	-0.66;	9.46
730;	61721;	61801;	80;	-0.21;	-0.66;	9.40
731;	61801;	61881;	80;	-0.22;	-0.68;	9.44
732;	61881;	61961;	80;	-0.22;	-0.68;	9.44
733;	61961;	62038;	77;	-0.21;	-0.66;	9.42
734;	62038;	62115;	77;	-0.21;	-0.66;	9.41
735;	62115;	62194;	79;	-0.22;	-0.67;	9.42
736;	62194;	62282;	88;	-0.22;	-0.67;	9.43
737;	62282;	62363;	81;	-0.21;	-0.67;	9.45
738;	62363;	62441;	78;	-0.19;	-0.66;	9.43
739;	62441;	62520;	79;	-0.22;	-0.68;	9.45
740;	62520;	62598;	78;	-0.22;	-0.68;	9.41
741;	62598;	62694;	96;	-0.24;	-0.67;	9.41
742;	62694;	62774;	80;	-0.21;	-0.64;	9.43
743;	62774;	62855;	81;	-0.20;	-0.65;	9.45
744;	62855;	62946;	91;	-0.20;	-0.67;	9.41
745;	62946;	63026;	80;	-0.22;	-0.66;	9.43
746;	63026;	63106;	80;	-0.22;	-0.66;	9.41
747;	63106;	63186;	80;	-0.22;	-0.65;	9.45
748;	63186;	63275;	89;	-0.20;	-0.67;	9.45
749;	63275;	63355;	80;	-0.21;	-0.67;	9.44
750;	63355;	63435;	80;	-0.21;	-0.65;	9.43
751;	63435;	63515;	80;	-0.22;	-0.64;	9.44
752;	63515;	63592;	77;	-0.20;	-0.66;	9.41
753;	63592;	63670;	78;	-0.22;	-0.67;	9.49
754;	63670;	63749;	79;	-0.21;	-0.66;	9.39
755;	63749;	63829;	80;	-0.22;	-0.64;	9.42
756;	63829;	63909;	80;	-0.21;	-0.65;	9.43
757;	63909;	64006;	97;	-0.22;	-0.64;	9.42
758;	64006;	64085;	79;	-0.23;	-0.64;	9.44
759;	64085;	64162;	77;	-0.21;	-0.64;	9.45
760;	64162;	64249;	87;	-0.22;	-0.66;	9.41
761;	64249;	64340;	91;	-0.22;	-0.66;	9.43
762;	64340;	64420;	80;	-0.22;	-0.66;	9.45
763;	64420;	64498;	78;	-0.21;	-0.65;	9.41
764;	64498;	64576;	78;	-0.22;	-0.67;	9.43
765;	64576;	64653;	77;	-0.21;	-0.65;	9.42
766;	64653;	64732;	79;	-0.22;	-0.65;	9.43
767;	64732;	64812;	80;	-0.22;	-0.67;	9.43
768;	64812;	64892;	80;	-0.23;	-0.65;	9.44
769;	64892;	64972;	80;	-0.20;	-0.68;	9.43
770;	64972;	65050;	78;	-0.22;	-0.65;	9.42
771;	65050;	65137;	87;	-0.22;	-0.65;	9.44
772;	65137;	65215;	78;	-0.22;	-0.67;	9.43
773;	65215;	65295;	80;	-0.21;	-0.65;	9.40
774;	65295;	65392;	97;	-0.22;	-0.66;	9.44
775;	65392;	65472;	80;	-0.22;	-0.67;	9.42
776;	65472;	65550;	78;	-0.22;	-0.67;	9.43
777;	65550;	65628;	78;	-0.22;	-0.66;	9.43
778;	65628;	65717;	89;	-0.22;	-0.64;	9.43
779;	65717;	65796;	79;	-0.22;	-0.66;	9.43
780;	65796;	65876;	80;	-0.22;	-0.66;	9.43
781;	65876;	65955;	79;	-0.23;	-0.66;	9.41
782;	65955;	66036;	81;	-0.22;	-0.64;	9.45
783;	66036;	66124;	88;	-0.21;	-0.64;	9.44
784;	66124;	66201;	77;	-0.22;	-0.66;	9.41
785;	66201;	66279;	78;	-0.21;	-0.67;	9.42
786;	66279;	66358;	79;	-0.21;	-0.68;	9.41
787;	66358;	66438;	80;	-0.22;	-0.67;	9.42
788;	66438;	66518;	80;	-0.22;	-0.67;	9.42
789;	66518;	66599;	81;	-0.23;	-0.65;	9.45
790;	66599;	66697;	98;	-0.21;	-0.67;	9.43
791;	66697;	66777;	80;	-0.22;	-0.68;	9.43
792;	66777;	66855;	78;	-0.21;	-0.63;	9.39
793;	66855;	66933;	78;	-0.20;	-0.64;	9.39
794;	66933;	67011;	78;	-0.20;	-0.67;	9.42
795;	67011;	67110;	99;	-0.22;	-0.65;	9.42
796;	67110;	67190;	80;	-0.22;	-0.66;	9.46
797;	67190;	67270;	80;	-0.22;	-0.68;	9.44
798;	67270;	67351;	81;	-0.22;	-0.67;	9.45
799;	67351;	67431;	80;	-0.22;	-0.67;	9.45
800;	67431;	67510;	79;	-0.19;	-0.66;	9.42
801;	67510;	67590;	80;	-0.22;	-0.66;	9.46
802;	67590;	67670;	80;	-0.21;	-0.66;	9.43
803;	67670;	67750;	80;	-0.22;	-0.67;	9.42
804;	67750;	67830;	80;	-0.24;	-0.66;	9.42
805;	67830;	67907;	77;	-0.20;	-0.64;	9.43
806;	67907;	67985;	78;	-0.23;	-0.65;	9.43
807;	67985;	68090;	105;	-0.21;	-0.68;	9.48
808;	68090;	68167;	77;	-0.20;	-0.65;	9.40
809;	68167;	68246;	79;	-0.21;	-0.65;	9.45
810;	68246;	68325;	79;	-0.23;	-0.67;	9.47
811;	68325;	68405;	80;	-0.21;	-0.65;	9.45
812;	68405;	68485;	80;	-0.22;	-0.64;	9.45
813;	68485;	68576;	91;	-0.23;	-0.67;	9.44
