Contador	Anterior	Actual	Intervalo	X_acc	Y_acc	Z_avv	X_gyr	Y_gyr	Z_gyr	X_mag	Y_mag	Z_mah
0;	0;	1983;	1983;	0.00;	0.00;	0.00;	0.00;	0.00;	0.00;	0.00;	0.00;	0.00
1;	1983;	2209;	226;	0.00;	0.00;	0.00;	0.00;	0.00;	0.00;	0.00;	0.00;	0.00
2;	2209;	2337;	128;	0.14;	-0.97;	9.42;	-0.06;	-0.06;	0.00;	-0.06;	-0.06;	0.00
3;	2337;	2627;	290;	0.14;	-0.94;	9.42;	-0.06;	0.06;	0.00;	-0.06;	0.06;	0.00
4;	2627;	2759;	132;	0.14;	-0.95;	9.42;	0.06;	0.13;	0.00;	0.06;	-0.06;	-0.06
5;	2759;	2889;	130;	0.14;	-0.97;	9.43;	0.00;	0.06;	0.00;	0.00;	0.06;	0.00
6;	2889;	3056;	167;	0.13;	-0.95;	9.44;	-0.06;	0.00;	-0.06;	-0.06;	0.00;	-0.06
7;	3056;	3192;	136;	0.15;	-0.97;	9.44;	0.00;	0.06;	-0.06;	0.00;	0.06;	0.13
8;	3192;	3322;	130;	0.15;	-0.96;	9.44;	-0.06;	0.06;	0.06;	0.13;	-0.06;	0.13
9;	3322;	3452;	130;	0.16;	-0.95;	9.44;	0.06;	0.06;	0.06;	0.06;	0.06;	0.06
10;	3452;	3582;	130;	0.13;	-0.95;	9.42;	0.00;	-0.06;	0.00;	0.00;	0.06;	-0.13
11;	3582;	3712;	130;	0.16;	-0.95;	9.44;	0.06;	0.00;	0.00;	0.06;	0.00;	0.00
12;	3712;	3843;	131;	0.14;	-0.95;	9.39;	-0.13;	0.13;	0.00;	-0.13;	0.06;	0.06
13;	3843;	3973;	130;	0.12;	-0.96;	9.42;	0.00;	0.13;	-0.06;	0.00;	0.13;	-0.06
14;	3973;	4112;	139;	0.15;	-0.96;	9.43;	0.13;	-0.06;	0.00;	0.13;	-0.06;	0.00
15;	4112;	4243;	131;	0.14;	-0.95;	9.46;	-0.06;	0.13;	0.00;	-0.06;	0.13;	0.00
16;	4243;	4374;	131;	0.15;	-0.95;	9.46;	0.06;	-0.13;	0.00;	0.06;	-0.13;	0.00
17;	4374;	4516;	142;	0.15;	-0.94;	9.46;	0.00;	0.06;	-0.06;	0.00;	0.00;	0.06
18;	4516;	4646;	130;	0.13;	-0.96;	9.43;	0.06;	0.25;	0.06;	-0.06;	-0.06;	-0.06
19;	4646;	4776;	130;	0.16;	-0.96;	9.46;	0.06;	-0.13;	-0.06;	0.06;	-0.13;	-0.06
20;	4776;	4914;	138;	0.13;	-0.94;	9.44;	0.00;	0.06;	-0.19;	0.00;	0.06;	-0.19
21;	4914;	5044;	130;	0.14;	-0.95;	9.44;	0.13;	0.00;	-0.06;	0.13;	0.00;	-0.06
22;	5044;	5173;	129;	0.13;	-0.97;	9.45;	0.13;	0.06;	-0.06;	0.13;	0.06;	-0.06
23;	5173;	5317;	144;	0.13;	-0.97;	9.45;	0.00;	0.13;	0.00;	0.00;	0.13;	0.00
24;	5317;	5448;	131;	0.13;	-0.96;	9.42;	0.00;	0.00;	-0.06;	0.00;	0.00;	-0.06
25;	5448;	5579;	131;	0.15;	-0.97;	9.42;	0.19;	-0.06;	0.13;	0.19;	-0.13;	0.06
26;	5579;	5709;	130;	0.13;	-0.95;	9.44;	0.00;	-0.19;	0.00;	0.00;	-0.19;	0.00
27;	5709;	5846;	137;	0.15;	-0.96;	9.43;	0.06;	0.06;	-0.06;	0.06;	0.06;	-0.06
28;	5846;	5974;	128;	0.14;	-0.96;	9.45;	0.13;	0.00;	-0.06;	0.13;	0.00;	-0.06
29;	5974;	6102;	128;	0.12;	-0.95;	9.44;	0.06;	-0.25;	0.13;	0.06;	-0.19;	0.00
30;	6102;	6232;	130;	0.14;	-0.95;	9.42;	-0.69;	-0.50;	0.13;	-0.88;	-0.56;	0.19
31;	6232;	6362;	130;	0.11;	-1.02;	9.44;	-0.25;	-0.44;	0.06;	-0.25;	-0.44;	0.06
32;	6362;	6492;	130;	0.17;	-0.97;	9.42;	0.06;	-0.44;	0.00;	0.06;	-0.44;	0.00
33;	6492;	6623;	131;	0.17;	-0.96;	9.43;	-0.06;	0.00;	0.06;	-0.13;	-0.06;	0.00
34;	6623;	6773;	150;	0.15;	-0.89;	9.46;	2.19;	-0.56;	0.31;	2.19;	-0.56;	0.31
35;	6773;	6901;	128;	0.16;	-0.98;	9.44;	0.37;	0.06;	0.00;	0.37;	0.06;	0.00
36;	6901;	7030;	129;	0.17;	-1.00;	9.45;	0.25;	0.06;	0.00;	0.25;	0.06;	0.00
37;	7030;	7158;	128;	0.17;	-0.98;	9.43;	0.13;	0.19;	-0.06;	0.13;	0.19;	-0.06
38;	7158;	7286;	128;	0.18;	-0.99;	9.43;	0.13;	0.00;	-0.06;	0.19;	0.25;	0.00
39;	7286;	7416;	130;	0.18;	-0.99;	9.44;	0.31;	0.19;	0.06;	0.31;	0.19;	0.06
40;	7416;	7571;	155;	0.20;	-1.02;	9.48;	0.06;	-0.19;	0.06;	0.06;	-0.19;	0.06
41;	7571;	7698;	127;	0.19;	-1.01;	9.42;	-0.06;	-0.06;	0.06;	-0.06;	-0.19;	0.00
42;	7698;	7827;	129;	0.20;	-0.99;	9.44;	-0.06;	0.00;	0.06;	0.06;	-0.13;	0.13
43;	7827;	7957;	130;	0.17;	-1.00;	9.44;	0.00;	0.00;	0.06;	0.00;	0.00;	0.06
44;	7957;	8088;	131;	0.20;	-1.00;	9.42;	-0.13;	-0.06;	0.06;	-0.06;	0.06;	0.00
45;	8088;	8218;	130;	0.19;	-0.98;	9.43;	0.00;	0.13;	-0.13;	0.00;	0.13;	-0.13
46;	8218;	8347;	129;	0.16;	-0.99;	9.43;	-0.06;	0.25;	-0.13;	-0.06;	0.25;	-0.13
47;	8347;	8486;	139;	0.20;	-1.00;	9.43;	0.13;	-0.06;	0.00;	0.13;	-0.06;	0.00
48;	8486;	8615;	129;	0.13;	-1.02;	9.44;	0.13;	-0.06;	0.06;	0.13;	-0.06;	0.06
49;	8615;	8743;	128;	0.18;	-0.98;	9.40;	0.00;	0.00;	-0.06;	0.00;	0.00;	-0.06
50;	8743;	8872;	129;	0.22;	-1.00;	9.46;	0.00;	0.00;	-0.19;	0.06;	0.06;	0.00
51;	8872;	9013;	141;	0.18;	-1.00;	9.39;	0.00;	0.06;	0.06;	-0.06;	-0.13;	-0.06
52;	9013;	9142;	129;	0.20;	-1.01;	9.43;	0.13;	0.06;	0.06;	-0.13;	0.06;	0.13
53;	9142;	9280;	138;	0.17;	-0.99;	9.44;	0.00;	0.06;	-0.06;	0.00;	0.06;	-0.06
54;	9280;	9409;	129;	0.20;	-1.01;	9.45;	0.00;	-0.13;	0.06;	0.00;	-0.13;	0.06
55;	9409;	9537;	128;	0.18;	-1.02;	9.43;	0.19;	0.00;	0.06;	0.19;	0.00;	0.06
56;	9537;	9682;	145;	0.17;	-1.00;	9.46;	0.06;	-0.06;	-0.06;	0.06;	-0.06;	-0.06
57;	9682;	9812;	130;	0.20;	-0.99;	9.44;	0.13;	0.06;	0.06;	0.13;	0.06;	0.06
58;	9812;	9942;	130;	0.19;	-1.00;	9.44;	0.00;	0.13;	-0.19;	0.00;	0.13;	-0.19
59;	9942;	10072;	130;	0.19;	-1.00;	9.41;	0.00;	0.13;	0.00;	0.00;	0.13;	0.00
60;	10072;	10208;	136;	0.21;	-0.98;	9.41;	0.00;	0.06;	0.00;	0.00;	0.06;	0.00
61;	10208;	10337;	129;	0.19;	-0.98;	9.48;	0.00;	-0.19;	0.00;	0.06;	0.06;	0.00
62;	10337;	10467;	130;	0.19;	-1.03;	9.39;	0.13;	0.13;	-0.13;	0.06;	0.00;	-0.06
63;	10467;	10597;	130;	0.20;	-0.99;	9.42;	0.06;	0.06;	-0.13;	-0.06;	-0.25;	0.06
64;	10597;	10727;	130;	0.18;	-1.00;	9.42;	0.00;	0.06;	-0.06;	0.00;	0.06;	-0.06
65;	10727;	10856;	129;	0.17;	-1.00;	9.41;	-0.06;	0.06;	-0.06;	-0.06;	0.06;	-0.06
66;	10856;	10995;	139;	0.20;	-1.00;	9.43;	0.06;	-0.06;	0.00;	0.06;	-0.06;	0.00
67;	10995;	11136;	141;	0.19;	-1.00;	9.44;	-0.06;	-0.06;	-0.13;	-0.06;	-0.06;	-0.13
68;	11136;	11266;	130;	0.20;	-1.00;	9.45;	0.00;	0.06;	-0.06;	0.00;	0.06;	-0.06
69;	11266;	11395;	129;	0.17;	-1.02;	9.42;	-0.13;	-0.06;	0.00;	-0.13;	-0.06;	0.00
70;	11395;	11523;	128;	0.21;	-0.98;	9.43;	0.00;	0.06;	-0.06;	0.00;	0.06;	-0.06
71;	11523;	11652;	129;	0.19;	-1.01;	9.45;	-0.13;	0.13;	0.00;	-0.06;	0.13;	0.00
72;	11652;	11782;	130;	0.19;	-1.02;	9.43;	0.00;	0.06;	0.00;	-0.13;	0.06;	0.00
73;	11782;	11938;	156;	0.21;	-0.98;	9.42;	-0.13;	0.00;	0.00;	-0.13;	0.00;	0.00
74;	11938;	12067;	129;	0.19;	-1.00;	9.43;	0.06;	-0.06;	0.00;	0.06;	-0.06;	0.00
75;	12067;	12195;	128;	0.19;	-1.01;	9.45;	0.06;	0.13;	0.00;	0.06;	0.13;	0.00
76;	12195;	12324;	129;	0.19;	-1.01;	9.43;	0.06;	0.13;	-0.06;	0.13;	0.13;	0.06
77;	12324;	12454;	130;	0.19;	-0.99;	9.44;	0.19;	0.19;	0.00;	0.19;	-0.13;	0.06
78;	12454;	12584;	130;	0.19;	-1.01;	9.43;	-0.13;	0.00;	0.00;	-0.13;	0.00;	0.00
79;	12584;	12722;	138;	0.19;	-0.97;	9.42;	-0.06;	0.19;	-0.13;	-0.06;	0.19;	-0.13
80;	12722;	12852;	130;	0.18;	-0.99;	9.44;	-0.06;	-0.13;	0.00;	-0.06;	-0.13;	0.00
81;	12852;	12982;	130;	0.18;	-0.97;	9.47;	-0.06;	0.13;	-0.06;	-0.06;	0.13;	-0.06
82;	12982;	13110;	128;	0.19;	-1.00;	9.44;	-0.06;	-0.06;	-0.06;	-0.06;	-0.06;	-0.06
83;	13110;	13238;	128;	0.18;	-1.01;	9.44;	-0.06;	-0.06;	0.00;	0.00;	0.06;	0.00
84;	13238;	13378;	140;	0.17;	-1.00;	9.44;	0.06;	0.00;	0.00;	-0.06;	0.06;	-0.06
85;	13378;	13547;	169;	0.19;	-1.00;	9.45;	-0.13;	0.06;	0.06;	-0.13;	0.06;	0.06
86;	13547;	13677;	130;	0.21;	-1.00;	9.45;	0.00;	0.00;	-0.06;	0.00;	0.00;	-0.06
87;	13677;	13808;	131;	0.20;	-1.00;	9.43;	0.00;	0.06;	-0.06;	-0.06;	0.00;	-0.13
88;	13808;	13938;	130;	0.18;	-0.99;	9.45;	0.06;	0.06;	0.06;	0.06;	0.06;	0.06
89;	13938;	14085;	147;	0.20;	-1.01;	9.44;	-0.13;	-0.06;	0.00;	-0.13;	-0.06;	0.00
90;	14085;	14213;	128;	0.19;	-1.01;	9.45;	-0.06;	0.06;	0.00;	-0.06;	0.06;	0.00
91;	14213;	14341;	128;	0.18;	-0.98;	9.44;	-0.19;	-0.06;	0.00;	0.00;	-0.13;	-0.06
92;	14341;	14479;	138;	0.23;	-1.03;	9.57;	-0.13;	-0.19;	0.06;	-0.13;	-0.19;	0.06
93;	14479;	14610;	131;	0.18;	-1.00;	9.43;	-0.06;	0.06;	-0.06;	-0.06;	0.06;	-0.06
94;	14610;	14741;	131;	0.20;	-0.99;	9.46;	0.00;	0.13;	-0.06;	0.00;	0.13;	-0.06
95;	14741;	14870;	129;	0.20;	-1.01;	9.41;	-0.06;	-0.06;	-0.06;	-0.06;	-0.06;	-0.06
96;	14870;	15001;	131;	0.21;	-0.99;	9.43;	-0.06;	0.00;	0.00;	-0.06;	0.00;	0.00
97;	15001;	15132;	131;	0.19;	-1.00;	9.42;	-0.06;	-0.13;	0.06;	-0.06;	-0.13;	0.06
98;	15132;	15271;	139;	0.18;	-1.00;	9.43;	0.00;	-0.13;	-0.06;	0.00;	-0.13;	-0.06
99;	15271;	15401;	130;	0.18;	-0.99;	9.44;	-0.13;	-0.13;	0.00;	-0.13;	-0.13;	0.00
100;	15401;	15530;	129;	0.20;	-1.01;	9.45;	0.06;	0.00;	0.00;	0.06;	0.00;	0.00
101;	15530;	15669;	139;	0.20;	-1.01;	9.43;	-0.06;	0.13;	-0.06;	-0.06;	0.13;	-0.06
102;	15669;	15797;	128;	0.20;	-1.00;	9.44;	0.00;	0.06;	0.00;	-0.06;	0.19;	0.00
103;	15797;	15926;	129;	0.21;	-0.99;	9.44;	-0.06;	-0.19;	0.00;	0.06;	0.06;	-0.13
104;	15926;	16064;	138;	0.20;	-1.00;	9.42;	-0.06;	0.00;	0.06;	-0.06;	0.00;	0.06
105;	16064;	16194;	130;	0.20;	-1.01;	9.46;	-0.06;	0.00;	-0.19;	-0.06;	0.00;	-0.19
106;	16194;	16340;	146;	0.19;	-1.00;	9.44;	0.00;	0.13;	0.06;	0.00;	0.13;	0.06
107;	16340;	16469;	129;	0.19;	-1.00;	9.44;	0.00;	0.00;	0.00;	0.19;	-0.25;	0.13
108;	16469;	16598;	129;	0.20;	-0.99;	9.42;	0.00;	-0.06;	-0.06;	0.00;	-0.06;	-0.06
109;	16598;	16727;	129;	0.18;	-1.00;	9.42;	0.06;	-0.06;	0.06;	0.06;	-0.06;	0.06
110;	16727;	16858;	131;	0.21;	-1.00;	9.43;	-0.19;	0.00;	-0.13;	-0.19;	0.00;	-0.13
111;	16858;	16997;	139;	0.18;	-1.01;	9.43;	-0.13;	-0.06;	-0.19;	-0.13;	-0.06;	-0.19
112;	16997;	17124;	127;	0.19;	-0.99;	9.43;	0.00;	-0.13;	0.00;	0.00;	-0.13;	0.00
113;	17124;	17252;	128;	0.19;	-1.01;	9.46;	-0.13;	-0.19;	0.06;	-0.06;	-0.13;	-0.13
114;	17252;	17381;	129;	0.18;	-1.00;	9.40;	0.06;	0.00;	0.00;	0.06;	0.06;	0.00
115;	17381;	17511;	130;	0.20;	-0.99;	9.47;	-0.06;	0.00;	0.06;	-0.06;	0.00;	0.06
116;	17511;	17641;	130;	0.18;	-0.99;	9.42;	0.00;	-0.19;	0.13;	0.00;	-0.19;	0.13
117;	17641;	17808;	167;	0.19;	-1.00;	9.44;	0.19;	0.06;	-0.13;	0.19;	0.06;	-0.13
118;	17808;	17936;	128;	0.21;	-1.00;	9.42;	-0.06;	-0.06;	0.00;	-0.06;	-0.06;	0.00
119;	17936;	18064;	128;	0.21;	-1.00;	9.44;	-0.06;	0.00;	-0.06;	-0.06;	-0.13;	0.06
120;	18064;	18194;	130;	0.20;	-1.01;	9.43;	-0.06;	-0.06;	-0.06;	0.06;	0.00;	0.00
121;	18194;	18324;	130;	0.20;	-1.00;	9.42;	0.00;	-0.06;	0.00;	0.00;	-0.06;	0.00
122;	18324;	18472;	148;	0.19;	-1.00;	9.43;	0.06;	0.00;	-0.06;	0.06;	0.00;	-0.06
123;	18472;	18610;	138;	0.19;	-1.01;	9.45;	0.00;	0.06;	0.00;	0.00;	0.06;	0.00
124;	18610;	18738;	128;	0.19;	-1.01;	9.44;	0.00;	0.06;	0.00;	0.00;	0.06;	0.00
125;	18738;	18867;	129;	0.19;	-1.01;	9.42;	-0.06;	0.00;	0.00;	0.00;	0.00;	-0.13
126;	18867;	18997;	130;	0.19;	-1.00;	9.41;	0.06;	-0.06;	0.00;	-0.13;	0.00;	0.06
127;	18997;	19127;	130;	0.19;	-1.02;	9.44;	0.00;	0.06;	0.06;	0.00;	0.06;	0.06
128;	19127;	19257;	130;	0.21;	-1.00;	9.44;	-0.06;	0.25;	-0.06;	-0.06;	0.25;	-0.06
129;	19257;	19394;	137;	0.19;	-1.00;	9.42;	0.00;	-0.06;	0.13;	0.00;	-0.06;	0.13
130;	19394;	19522;	128;	0.20;	-1.00;	9.46;	0.06;	0.00;	0.00;	0.06;	0.00;	0.00
131;	19522;	19650;	128;	0.20;	-0.99;	9.40;	0.00;	0.06;	0.00;	-0.13;	-0.06;	0.00
132;	19650;	19780;	130;	0.20;	-1.00;	9.43;	-0.06;	0.00;	-0.13;	0.00;	0.00;	-0.06
133;	19780;	19910;	130;	0.20;	-1.01;	9.42;	-0.06;	0.06;	-0.13;	-0.06;	0.06;	-0.13
134;	19910;	20051;	141;	0.19;	-0.99;	9.47;	0.13;	0.00;	0.00;	0.06;	-0.06;	0.06
135;	20051;	20181;	130;	0.18;	-0.98;	9.41;	0.00;	-0.06;	0.06;	0.06;	0.19;	0.00
136;	20181;	20319;	138;	0.21;	-1.01;	9.44;	-0.13;	0.00;	-0.13;	-0.13;	0.00;	-0.13
137;	20319;	20448;	129;	0.20;	-1.00;	9.44;	0.06;	-0.06;	-0.06;	0.06;	-0.06;	-0.06
138;	20448;	20576;	128;	0.22;	-0.99;	9.43;	0.19;	-0.19;	0.00;	0.19;	-0.19;	0.00
139;	20576;	20722;	146;	0.19;	-1.00;	9.45;	0.00;	0.00;	0.06;	0.00;	0.00;	0.06
140;	20722;	20852;	130;	0.20;	-1.01;	9.43;	0.13;	0.00;	0.00;	0.13;	0.00;	0.00
141;	20852;	20983;	131;	0.18;	-1.00;	9.44;	-0.06;	0.06;	0.00;	-0.06;	0.06;	0.00
142;	20983;	21122;	139;	0.19;	-1.01;	9.45;	0.00;	0.06;	0.13;	0.00;	0.06;	0.13
143;	21122;	21252;	130;	0.19;	-1.02;	9.44;	0.06;	-0.31;	0.06;	0.06;	-0.31;	0.06
144;	21252;	21382;	130;	0.19;	-0.99;	9.44;	0.06;	0.06;	0.06;	0.06;	0.06;	0.06
145;	21382;	21511;	129;	0.19;	-1.01;	9.43;	0.00;	-0.06;	0.06;	0.00;	-0.06;	0.06
146;	21511;	21639;	128;	0.18;	-1.00;	9.44;	0.00;	-0.06;	-0.06;	0.00;	-0.06;	-0.06
147;	21639;	21767;	128;	0.19;	-0.99;	9.46;	-0.13;	-0.06;	0.06;	-0.13;	-0.06;	0.06
148;	21767;	21904;	137;	0.20;	-1.00;	9.42;	0.19;	-0.06;	0.00;	0.19;	-0.06;	0.00
149;	21904;	22033;	129;	0.20;	-1.00;	9.44;	-0.06;	-0.13;	-0.06;	-0.06;	-0.13;	-0.06
150;	22033;	22161;	128;	0.21;	-1.00;	9.43;	0.13;	-0.13;	0.06;	0.13;	-0.13;	0.06
151;	22161;	22300;	139;	0.21;	-1.01;	9.42;	0.00;	0.00;	0.00;	0.13;	0.06;	-0.06
152;	22300;	22429;	129;	0.20;	-1.01;	9.44;	0.00;	0.06;	-0.06;	0.00;	0.06;	-0.06
153;	22429;	22559;	130;	0.20;	-0.98;	9.45;	0.13;	0.00;	0.06;	0.13;	0.06;	-0.06
154;	22559;	22689;	130;	0.20;	-1.00;	9.42;	-0.06;	0.25;	-0.06;	-0.06;	0.25;	-0.06
155;	22689;	22846;	157;	0.20;	-1.01;	9.42;	-0.06;	-0.06;	0.00;	-0.06;	-0.06;	0.00
156;	22846;	22974;	128;	0.19;	-1.02;	9.46;	-0.06;	0.06;	0.00;	-0.06;	0.06;	0.00
157;	22974;	23102;	128;	0.21;	-1.01;	9.42;	0.00;	-0.19;	0.00;	-0.06;	0.00;	-0.06
158;	23102;	23231;	129;	0.19;	-1.00;	9.44;	-0.06;	0.13;	0.00;	-0.06;	0.13;	0.00
159;	23231;	23361;	130;	0.18;	-1.01;	9.45;	-0.06;	-0.19;	0.00;	-0.06;	-0.19;	0.00
160;	23361;	23492;	131;	0.19;	-1.02;	9.44;	-0.06;	-0.19;	0.06;	-0.06;	-0.19;	0.06
161;	23492;	23643;	151;	0.21;	-0.99;	9.43;	0.06;	0.00;	0.00;	0.06;	-0.06;	0.00
162;	23643;	23773;	130;	0.19;	-0.99;	9.42;	-0.13;	0.00;	-0.13;	-0.13;	0.00;	-0.13
163;	23773;	23902;	129;	0.17;	-1.00;	9.42;	-0.13;	0.13;	-0.06;	-0.13;	0.13;	-0.06
164;	23902;	24033;	131;	0.18;	-1.00;	9.43;	-0.06;	0.00;	-0.06;	-0.06;	0.00;	-0.06
165;	24033;	24164;	131;	0.19;	-0.99;	9.45;	-0.06;	-0.19;	-0.06;	-0.06;	-0.19;	-0.06
166;	24164;	24295;	131;	0.20;	-1.00;	9.42;	0.00;	0.06;	0.06;	0.00;	0.00;	-0.06
167;	24295;	24445;	150;	0.19;	-0.99;	9.41;	0.00;	0.06;	0.00;	0.00;	0.06;	0.00
168;	24445;	24575;	130;	0.20;	-1.02;	9.44;	-0.06;	0.00;	0.06;	-0.06;	0.00;	0.06
169;	24575;	24703;	128;	0.20;	-1.00;	9.46;	0.00;	0.06;	0.06;	0.00;	0.06;	0.06
170;	24703;	24832;	129;	0.20;	-1.01;	9.45;	0.00;	-0.13;	0.06;	0.00;	-0.13;	0.06
171;	24832;	24960;	128;	0.20;	-1.01;	9.42;	0.06;	0.06;	-0.13;	0.06;	0.06;	-0.13
172;	24960;	25106;	146;	0.19;	-1.02;	9.43;	0.13;	-0.19;	0.00;	0.13;	-0.19;	0.00
173;	25106;	25237;	131;	0.19;	-1.01;	9.43;	0.00;	0.00;	0.00;	0.00;	0.00;	0.00
174;	25237;	25408;	171;	0.18;	-1.01;	9.40;	0.06;	-0.06;	-0.06;	0.06;	-0.06;	-0.06
175;	25408;	25538;	130;	0.20;	-1.00;	9.43;	0.06;	0.13;	-0.06;	0.06;	0.13;	-0.06
176;	25538;	25669;	131;	0.18;	-1.00;	9.42;	-0.06;	-0.13;	0.06;	-0.06;	-0.13;	0.06
177;	25669;	25800;	131;	0.19;	-1.01;	9.45;	0.06;	0.00;	-0.06;	0.06;	0.00;	-0.06
178;	25800;	25930;	130;	0.21;	-1.00;	9.45;	0.06;	0.06;	0.06;	0.06;	0.06;	0.06
179;	25930;	26059;	129;	0.18;	-0.98;	9.42;	0.00;	0.06;	0.06;	0.00;	0.06;	0.06
180;	26059;	26198;	139;	0.21;	-1.03;	9.46;	-0.13;	0.06;	-0.06;	-0.13;	0.06;	-0.06
181;	26198;	26327;	129;	0.21;	-1.00;	9.44;	0.06;	-0.06;	0.13;	0.06;	-0.06;	0.13
182;	26327;	26455;	128;	0.17;	-1.00;	9.41;	0.13;	-0.19;	-0.06;	0.13;	-0.19;	-0.06
183;	26455;	26584;	129;	0.20;	-1.01;	9.44;	-0.25;	0.13;	-0.06;	-0.06;	0.06;	-0.06
184;	26584;	26725;	141;	0.18;	-0.98;	9.42;	0.00;	0.13;	-0.06;	0.06;	-0.06;	0.00
185;	26725;	26854;	129;	0.20;	-1.02;	9.44;	0.00;	-0.19;	-0.06;	-0.06;	0.00;	0.06
186;	26854;	26992;	138;	0.22;	-1.00;	9.44;	0.13;	0.00;	0.06;	0.13;	0.00;	0.06
187;	26992;	27122;	130;	0.21;	-1.00;	9.43;	0.13;	0.06;	0.00;	0.13;	0.06;	0.00
188;	27122;	27269;	147;	0.19;	-1.00;	9.44;	-0.06;	0.00;	0.00;	-0.06;	0.00;	0.00
189;	27269;	27397;	128;	0.19;	-1.00;	9.43;	0.13;	-0.19;	0.00;	-0.06;	-0.06;	0.00
190;	27397;	27526;	129;	0.20;	-1.02;	9.42;	-0.06;	0.00;	-0.06;	0.00;	-0.13;	-0.06
191;	27526;	27656;	130;	0.17;	-0.97;	9.43;	0.00;	0.13;	0.00;	0.00;	0.13;	0.00
192;	27656;	27795;	139;	0.21;	-1.00;	9.45;	0.00;	-0.13;	0.13;	0.00;	-0.13;	0.13
193;	27795;	27925;	130;	0.18;	-1.01;	9.44;	-0.06;	0.06;	0.00;	-0.06;	0.06;	0.00
194;	27925;	28055;	130;	0.18;	-1.01;	9.42;	0.06;	-0.06;	-0.06;	0.06;	-0.06;	-0.06
195;	28055;	28185;	130;	0.21;	-1.00;	9.45;	0.06;	0.00;	0.00;	0.06;	0.00;	0.00
196;	28185;	28313;	128;	0.21;	-0.99;	9.42;	0.06;	0.06;	0.00;	0.06;	0.06;	0.00
197;	28313;	28441;	128;	0.20;	-1.00;	9.42;	0.06;	0.19;	-0.06;	0.06;	0.19;	-0.06
198;	28441;	28570;	129;	0.20;	-0.99;	9.43;	0.00;	0.06;	-0.06;	-0.06;	0.19;	-0.13
199;	28570;	28708;	138;	0.17;	-1.01;	9.42;	0.00;	0.06;	0.19;	0.00;	0.06;	0.19
200;	28708;	28838;	130;	0.21;	-0.97;	9.46;	0.00;	-0.06;	0.13;	0.00;	-0.06;	0.13
201;	28838;	28977;	139;	0.18;	-1.02;	9.42;	0.06;	-0.06;	0.13;	0.06;	-0.06;	0.13
202;	28977;	29105;	128;	0.21;	-0.98;	9.46;	0.00;	0.06;	0.06;	0.00;	0.06;	0.06
203;	29105;	29233;	128;	0.19;	-1.01;	9.43;	-0.06;	0.00;	-0.06;	0.00;	0.00;	-0.06
204;	29233;	29363;	130;	0.17;	-1.01;	9.42;	0.00;	0.00;	0.13;	0.06;	0.00;	0.00
205;	29363;	29519;	156;	0.18;	-1.00;	9.42;	0.00;	0.06;	0.06;	0.00;	0.06;	0.06
206;	29519;	29647;	128;	0.18;	-1.00;	9.45;	0.06;	0.00;	-0.19;	0.06;	0.00;	-0.19
207;	29647;	29775;	128;	0.22;	-1.02;	9.42;	0.00;	-0.06;	0.06;	0.06;	-0.06;	0.06
208;	29775;	29904;	129;	0.22;	-1.00;	9.46;	0.00;	0.06;	0.06;	-0.06;	0.19;	-0.13
209;	29904;	30034;	130;	0.21;	-0.98;	9.44;	0.06;	-0.13;	0.00;	0.06;	-0.13;	0.00
210;	30034;	30165;	131;	0.21;	-1.01;	9.42;	0.06;	-0.06;	-0.06;	-0.13;	-0.06;	-0.06
211;	30165;	30295;	130;	0.22;	-1.00;	9.44;	0.00;	0.06;	0.00;	0.00;	0.06;	0.00
212;	30295;	30432;	137;	0.17;	-0.97;	9.43;	0.19;	0.00;	-0.13;	0.19;	0.00;	-0.13
213;	30432;	30560;	128;	0.21;	-1.01;	9.43;	0.06;	-0.13;	0.06;	0.06;	-0.13;	0.06
214;	30560;	30688;	128;	0.20;	-1.00;	9.43;	0.06;	0.06;	0.00;	0.13;	0.00;	-0.06
215;	30688;	30818;	130;	0.17;	-0.92;	9.48;	0.19;	0.19;	-0.19;	-0.06;	0.00;	0.06
216;	30818;	30948;	130;	0.17;	-1.08;	9.34;	-0.13;	-0.25;	0.13;	-0.13;	-0.25;	0.13
217;	30948;	31077;	129;	0.34;	-1.02;	9.51;	-0.13;	-0.06;	-0.25;	-0.13;	-0.06;	-0.25
218;	31077;	31228;	151;	0.21;	-1.05;	9.41;	-0.13;	-0.13;	0.00;	-0.13;	-0.13;	0.00
219;	31228;	31358;	130;	0.23;	-0.95;	9.47;	0.13;	0.00;	-0.19;	0.13;	0.00;	-0.19
220;	31358;	31489;	131;	0.14;	-0.97;	9.42;	0.00;	0.00;	0.00;	0.00;	0.00;	0.00
221;	31489;	31637;	148;	0.20;	-0.99;	9.44;	-0.06;	0.06;	-0.19;	-0.06;	0.06;	-0.19
222;	31637;	31766;	129;	0.19;	-0.99;	9.43;	-0.06;	0.06;	0.00;	-0.06;	0.06;	0.00
223;	31766;	31894;	128;	0.22;	-0.99;	9.43;	0.06;	0.00;	0.00;	0.06;	0.00;	0.00
224;	31894;	32031;	137;	0.23;	-1.02;	9.43;	-0.06;	0.00;	-0.19;	-0.06;	0.00;	-0.19
225;	32031;	32161;	130;	0.19;	-1.00;	9.44;	0.00;	0.00;	0.00;	0.00;	0.00;	0.00
226;	32161;	32291;	130;	0.17;	-1.02;	9.42;	0.06;	0.06;	-0.06;	0.06;	0.06;	-0.06
227;	32291;	32422;	131;	0.22;	-1.00;	9.46;	-0.13;	-0.06;	0.06;	-0.13;	-0.06;	0.06
228;	32422;	32552;	130;	0.21;	-1.04;	9.44;	-0.13;	-0.06;	0.06;	-0.13;	-0.06;	0.06
229;	32552;	32680;	128;	0.21;	-1.00;	9.43;	0.00;	0.00;	0.00;	0.00;	0.00;	0.00
230;	32680;	32817;	137;	0.23;	-1.03;	9.45;	0.00;	-0.13;	-0.06;	0.00;	-0.13;	-0.06
231;	32817;	32945;	128;	0.22;	-1.02;	9.46;	-0.13;	-0.06;	-0.19;	-0.13;	-0.13;	0.00
232;	32945;	33075;	130;	0.15;	-0.97;	9.45;	0.00;	-0.06;	-0.06;	0.00;	0.06;	-0.06
233;	33075;	33205;	130;	0.19;	-0.99;	9.42;	0.00;	-0.13;	0.06;	0.00;	-0.13;	0.06
234;	33205;	33346;	141;	0.20;	-0.97;	9.40;	0.19;	-0.06;	0.00;	0.13;	-0.06;	0.00
235;	33346;	33476;	130;	0.19;	-1.05;	9.44;	-0.06;	0.13;	0.13;	-0.06;	0.13;	0.13
236;	33476;	33606;	130;	0.23;	-0.99;	9.44;	0.06;	-0.13;	-0.06;	0.06;	-0.13;	-0.06
237;	33606;	33743;	137;	0.18;	-0.99;	9.44;	0.13;	-0.06;	0.00;	0.13;	-0.06;	0.00
238;	33743;	33887;	144;	0.21;	-1.01;	9.43;	-0.06;	0.00;	-0.06;	-0.06;	0.00;	-0.06
239;	33887;	34017;	130;	0.21;	-0.97;	9.44;	0.13;	0.00;	0.00;	0.13;	0.00;	0.00
240;	34017;	34148;	131;	0.20;	-1.02;	9.41;	0.00;	0.00;	-0.06;	0.00;	0.00;	-0.06
241;	34148;	34278;	130;	0.19;	-0.98;	9.46;	0.06;	0.06;	-0.06;	0.06;	0.06;	-0.06
242;	34278;	34409;	131;	0.21;	-0.99;	9.44;	0.06;	0.06;	-0.06;	0.06;	0.06;	-0.06
243;	34409;	34546;	137;	0.21;	-0.99;	9.43;	0.00;	0.06;	-0.06;	0.00;	0.06;	-0.06
244;	34546;	34674;	128;	0.20;	-0.98;	9.43;	0.00;	0.13;	0.00;	0.00;	0.13;	0.00
245;	34674;	34802;	128;	0.21;	-0.99;	9.45;	0.13;	0.00;	0.06;	0.13;	-0.06;	0.00
246;	34802;	34932;	130;	0.18;	-0.97;	9.43;	0.00;	0.06;	-0.06;	-0.13;	-0.06;	0.00
247;	34932;	35062;	130;	0.20;	-1.00;	9.42;	0.00;	-0.13;	0.00;	0.00;	-0.13;	0.00
248;	35062;	35191;	129;	0.20;	-1.00;	9.41;	0.00;	-0.13;	0.00;	0.00;	-0.13;	0.00
249;	35191;	35330;	139;	0.19;	-1.01;	9.45;	-0.06;	-0.13;	-0.06;	-0.06;	-0.13;	-0.06
250;	35330;	35459;	129;	0.18;	-1.00;	9.44;	0.06;	0.00;	0.06;	0.06;	0.00;	0.06
251;	35459;	35598;	139;	0.20;	-1.00;	9.43;	0.13;	0.00;	-0.06;	0.13;	0.00;	-0.06
252;	35598;	35726;	128;	0.20;	-0.99;	9.44;	0.00;	0.00;	0.06;	-0.06;	-0.06;	0.00
253;	35726;	35855;	129;	0.18;	-1.00;	9.43;	-0.06;	0.06;	-0.06;	0.06;	-0.06;	-0.06
254;	35855;	36002;	147;	0.19;	-1.01;	9.42;	0.13;	0.00;	-0.06;	0.13;	0.00;	-0.06
255;	36002;	36131;	129;	0.21;	-1.02;	9.44;	0.00;	-0.19;	0.00;	0.00;	-0.19;	0.00
256;	36131;	36267;	136;	0.21;	-1.01;	9.43;	0.06;	-0.13;	-0.13;	0.00;	-0.13;	0.13
257;	36267;	36396;	129;	0.21;	-1.02;	9.43;	0.00;	0.19;	-0.06;	0.00;	0.19;	-0.06
258;	36396;	36526;	130;	0.18;	-1.01;	9.44;	-0.06;	0.13;	0.00;	-0.06;	0.13;	0.00
259;	36526;	36657;	131;	0.20;	-1.01;	9.43;	0.06;	0.00;	0.00;	0.06;	0.00;	0.00
260;	36657;	36787;	130;	0.18;	-1.01;	9.42;	0.06;	0.06;	-0.06;	0.06;	0.06;	-0.06
261;	36787;	36917;	130;	0.19;	-1.01;	9.44;	-0.06;	-0.06;	0.13;	-0.06;	-0.06;	0.13
262;	36917;	37085;	168;	0.20;	-0.99;	9.43;	0.00;	-0.13;	0.00;	0.00;	-0.13;	0.00
263;	37085;	37213;	128;	0.19;	-0.99;	9.42;	-0.06;	-0.06;	0.00;	-0.06;	-0.06;	0.00
264;	37213;	37341;	128;	0.20;	-1.00;	9.44;	0.00;	-0.06;	0.00;	-0.06;	0.00;	-0.06
265;	37341;	37470;	129;	0.19;	-0.99;	9.44;	-0.06;	0.00;	0.06;	-0.06;	0.00;	0.06
266;	37470;	37599;	129;	0.21;	-1.00;	9.41;	-0.06;	-0.06;	-0.06;	-0.06;	-0.06;	-0.06
267;	37599;	37730;	131;	0.19;	-1.01;	9.41;	0.06;	0.00;	0.00;	0.06;	0.00;	0.00
268;	37730;	37880;	150;	0.18;	-0.99;	9.44;	0.00;	-0.13;	-0.06;	0.00;	-0.13;	-0.06
269;	37880;	38010;	130;	0.20;	-1.00;	9.44;	0.00;	0.13;	-0.13;	0.00;	0.13;	-0.13
270;	38010;	38141;	131;	0.20;	-1.01;	9.47;	-0.06;	-0.19;	-0.06;	-0.06;	-0.19;	-0.06
271;	38141;	38290;	149;	0.18;	-1.01;	9.45;	-0.06;	0.13;	0.00;	-0.06;	0.13;	0.00
272;	38290;	38420;	130;	0.20;	-1.01;	9.44;	0.00;	0.06;	-0.06;	0.00;	0.06;	-0.06
273;	38420;	38548;	128;	0.19;	-1.01;	9.43;	-0.06;	0.06;	-0.13;	-0.06;	0.06;	-0.13
274;	38548;	38684;	136;	0.18;	-1.01;	9.44;	0.00;	0.00;	-0.06;	0.00;	0.00;	-0.06
275;	38684;	38814;	130;	0.21;	-1.01;	9.43;	0.00;	-0.06;	0.00;	0.00;	-0.06;	0.00
276;	38814;	38944;	130;	0.18;	-1.02;	9.45;	-0.06;	0.13;	0.00;	-0.06;	0.13;	0.00
277;	38944;	39075;	131;	0.20;	-0.98;	9.43;	-0.13;	0.19;	-0.13;	-0.13;	0.19;	-0.13
278;	39075;	39204;	129;	0.20;	-1.00;	9.41;	0.00;	0.00;	0.06;	0.00;	0.00;	0.06
279;	39204;	39334;	130;	0.21;	-1.01;	9.46;	-0.06;	0.06;	0.13;	-0.06;	0.06;	0.13
280;	39334;	39464;	130;	0.20;	-1.00;	9.44;	0.13;	0.00;	-0.06;	0.13;	0.00;	-0.06
281;	39464;	39601;	137;	0.21;	-1.01;	9.45;	0.00;	-0.06;	0.00;	0.00;	-0.06;	0.00
282;	39601;	39729;	128;	0.21;	-1.01;	9.45;	-0.13;	-0.06;	0.00;	0.13;	0.00;	-0.06
283;	39729;	39858;	129;	0.19;	-0.99;	9.43;	0.13;	-0.19;	0.00;	0.13;	-0.19;	0.00
284;	39858;	40000;	142;	0.20;	-0.99;	9.42;	0.06;	-0.06;	0.00;	0.00;	0.06;	0.00
285;	40000;	40129;	129;	0.20;	-1.00;	9.45;	0.00;	0.13;	0.00;	0.00;	0.13;	0.00
286;	40129;	40258;	129;	0.18;	-1.01;	9.43;	0.06;	0.00;	0.00;	0.06;	0.00;	0.00
287;	40258;	40431;	173;	0.20;	-0.99;	9.46;	-0.06;	0.06;	0.00;	-0.06;	-0.06;	-0.06
288;	40431;	40560;	129;	0.20;	-1.00;	9.42;	-0.06;	0.06;	-0.06;	-0.06;	0.06;	-0.06
289;	40560;	40691;	131;	0.20;	-1.00;	9.42;	0.06;	-0.13;	0.06;	0.06;	-0.13;	0.06
290;	40691;	40821;	130;	0.20;	-1.01;	9.42;	0.06;	0.13;	-0.06;	0.06;	0.13;	-0.06
291;	40821;	40952;	131;	0.19;	-1.00;	9.43;	0.06;	0.06;	0.00;	-0.06;	0.00;	-0.13
292;	40952;	41082;	130;	0.21;	-0.99;	9.45;	0.06;	0.00;	-0.13;	0.06;	0.00;	-0.13
293;	41082;	41219;	137;	0.20;	-1.00;	9.45;	0.00;	0.00;	-0.06;	0.00;	0.00;	-0.06
294;	41219;	41347;	128;	0.19;	-1.00;	9.44;	-0.06;	0.06;	0.06;	-0.06;	0.06;	0.06
295;	41347;	41475;	128;	0.19;	-1.00;	9.45;	0.06;	-0.06;	0.00;	-0.06;	0.00;	-0.06
296;	41475;	41605;	130;	0.21;	-1.00;	9.45;	0.00;	0.13;	-0.13;	-0.13;	0.06;	-0.06
297;	41605;	41735;	130;	0.21;	-1.02;	9.43;	-0.06;	0.06;	-0.13;	-0.06;	0.06;	-0.13
298;	41735;	41865;	130;	0.20;	-0.99;	9.44;	-0.06;	0.13;	-0.13;	-0.06;	0.13;	-0.13
299;	41865;	41995;	130;	0.20;	-1.01;	9.45;	-0.06;	0.00;	-0.13;	-0.06;	0.00;	-0.13
300;	41995;	42134;	139;	0.18;	-1.02;	9.44;	0.00;	0.00;	-0.06;	0.00;	0.00;	-0.06
301;	42134;	42273;	139;	0.21;	-0.99;	9.45;	0.00;	0.19;	-0.13;	0.00;	0.19;	-0.13
302;	42273;	42402;	129;	0.18;	-1.01;	9.44;	0.19;	0.00;	0.06;	0.19;	0.00;	0.06
303;	42402;	42530;	128;	0.20;	-0.99;	9.42;	0.06;	0.06;	0.00;	0.06;	0.06;	0.00
304;	42530;	42677;	147;	0.21;	-1.00;	9.42;	0.00;	-0.06;	-0.06;	0.00;	-0.06;	-0.06
305;	42677;	42808;	131;	0.20;	-0.99;	9.44;	-0.13;	-0.13;	0.00;	-0.13;	-0.13;	0.00
306;	42808;	42946;	138;	0.21;	-0.99;	9.44;	0.00;	-0.06;	0.00;	0.00;	-0.06;	0.00
307;	42946;	43075;	129;	0.19;	-1.01;	9.45;	0.13;	-0.06;	-0.13;	0.13;	-0.06;	-0.13
308;	43075;	43203;	128;	0.20;	-0.98;	9.43;	0.00;	0.00;	0.06;	0.00;	0.00;	0.06
309;	43203;	43331;	128;	0.19;	-0.99;	9.45;	0.06;	-0.13;	0.00;	0.00;	-0.06;	-0.06
310;	43331;	43461;	130;	0.19;	-1.00;	9.43;	-0.06;	0.13;	0.00;	-0.06;	0.00;	-0.06
311;	43461;	43591;	130;	0.21;	-1.01;	9.44;	0.00;	0.00;	-0.13;	0.00;	0.00;	-0.13
312;	43591;	43729;	138;	0.21;	-0.99;	9.42;	0.06;	-0.13;	-0.06;	0.06;	-0.13;	-0.06
313;	43729;	43859;	130;	0.20;	-0.99;	9.45;	0.00;	-0.13;	0.00;	0.00;	-0.13;	0.00
314;	43859;	43988;	129;	0.19;	-0.99;	9.46;	0.06;	0.00;	0.06;	0.06;	0.00;	0.06
315;	43988;	44116;	128;	0.20;	-1.01;	9.43;	0.00;	0.06;	-0.19;	0.00;	0.06;	-0.19
316;	44116;	44244;	128;	0.19;	-0.99;	9.41;	0.06;	-0.06;	0.00;	0.06;	-0.06;	0.00
317;	44244;	44374;	130;	0.18;	-1.00;	9.42;	-0.06;	0.13;	-0.13;	0.00;	-0.06;	0.00
318;	44374;	44524;	150;	0.21;	-1.02;	9.45;	0.13;	-0.06;	0.06;	0.13;	-0.06;	0.06
319;	44524;	44654;	130;	0.18;	-0.99;	9.46;	-0.06;	-0.13;	-0.06;	-0.06;	-0.13;	-0.06
320;	44654;	44801;	147;	0.22;	-0.99;	9.44;	-0.06;	0.13;	-0.13;	-0.06;	0.13;	-0.13
321;	44801;	44929;	128;	0.20;	-0.98;	9.43;	-0.06;	-0.06;	0.06;	-0.06;	-0.06;	0.06
322;	44929;	45057;	128;	0.20;	-1.01;	9.47;	-0.06;	0.00;	-0.06;	0.00;	0.06;	0.06
323;	45057;	45187;	130;	0.20;	-0.99;	9.43;	-0.06;	0.00;	0.06;	-0.06;	0.00;	0.06
324;	45187;	45317;	130;	0.20;	-1.01;	9.46;	0.00;	0.00;	0.06;	0.00;	0.00;	0.06
325;	45317;	45455;	138;	0.21;	-1.01;	9.45;	-0.06;	0.00;	-0.06;	-0.06;	0.00;	-0.06
326;	45455;	45585;	130;	0.19;	-1.00;	9.42;	-0.06;	0.13;	-0.13;	-0.06;	0.13;	-0.13
327;	45585;	45714;	129;	0.20;	-1.00;	9.43;	0.06;	0.00;	0.00;	0.06;	0.00;	0.00
328;	45714;	45842;	128;	0.21;	-0.99;	9.42;	-0.13;	-0.06;	0.00;	-0.13;	-0.06;	0.00
329;	45842;	45971;	129;	0.20;	-1.01;	9.42;	0.06;	-0.06;	-0.06;	0.06;	-0.06;	0.06
330;	45971;	46100;	129;	0.20;	-1.00;	9.44;	0.00;	-0.06;	0.00;	0.00;	-0.06;	0.00
331;	46100;	46238;	138;	0.20;	-1.00;	9.42;	0.13;	-0.13;	-0.06;	0.13;	-0.13;	-0.06
332;	46238;	46368;	130;	0.20;	-1.01;	9.43;	0.19;	0.06;	-0.06;	0.19;	0.06;	-0.06
333;	46368;	46498;	130;	0.19;	-1.02;	9.44;	0.00;	0.00;	-0.06;	0.00;	0.00;	-0.06
334;	46498;	46636;	138;	0.22;	-1.00;	9.43;	0.06;	0.00;	0.13;	0.06;	0.00;	0.13
335;	46636;	46764;	128;	0.20;	-1.00;	9.45;	0.06;	0.06;	0.00;	0.06;	0.06;	0.00
336;	46764;	46893;	129;	0.18;	-1.01;	9.44;	0.06;	-0.13;	0.00;	-0.06;	-0.06;	-0.13
337;	46893;	47048;	155;	0.18;	-1.00;	9.46;	0.00;	0.00;	0.00;	0.00;	0.00;	0.00
338;	47048;	47176;	128;	0.21;	-0.99;	9.43;	-0.06;	0.00;	-0.06;	-0.06;	0.00;	-0.06
339;	47176;	47305;	129;	0.21;	-0.98;	9.41;	-0.13;	-0.06;	-0.06;	0.06;	0.00;	-0.13
340;	47305;	47434;	129;	0.20;	-1.01;	9.42;	0.06;	-0.13;	0.06;	0.06;	-0.13;	0.06
341;	47434;	47564;	130;	0.20;	-1.02;	9.43;	0.00;	0.00;	0.13;	0.00;	0.00;	0.13
342;	47564;	47695;	131;	0.20;	-1.01;	9.42;	-0.06;	0.13;	0.13;	-0.06;	0.13;	0.13
343;	47695;	47826;	131;	0.19;	-1.00;	9.44;	-0.13;	0.00;	0.06;	-0.13;	0.13;	-0.06
344;	47826;	47964;	138;	0.20;	-1.00;	9.44;	0.00;	0.13;	-0.06;	0.00;	0.13;	-0.06
345;	47964;	48094;	130;	0.20;	-1.01;	9.44;	0.00;	-0.25;	0.06;	0.00;	-0.25;	0.06
346;	48094;	48224;	130;	0.21;	-1.00;	9.41;	0.06;	-0.25;	0.00;	0.06;	-0.25;	0.00
347;	48224;	48353;	129;	0.19;	-1.00;	9.45;	-0.06;	0.00;	-0.06;	-0.06;	0.00;	-0.06
348;	48353;	48481;	128;	0.20;	-0.99;	9.46;	0.00;	-0.13;	0.00;	0.00;	-0.13;	0.00
349;	48481;	48610;	129;	0.20;	-1.01;	9.41;	-0.06;	0.00;	-0.06;	-0.06;	-0.06;	0.00
350;	48610;	48791;	181;	0.20;	-1.01;	9.43;	-0.06;	0.06;	-0.06;	-0.06;	0.06;	-0.06
351;	48791;	48932;	141;	0.20;	-1.00;	9.45;	0.00;	0.13;	0.00;	0.00;	0.13;	0.00
352;	48932;	49061;	129;	0.18;	-1.00;	9.42;	-0.06;	-0.13;	0.06;	-0.06;	-0.13;	0.00
353;	49061;	49208;	147;	0.21;	-1.00;	9.44;	0.00;	0.06;	0.06;	0.00;	0.06;	0.06
354;	49208;	49336;	128;	0.19;	-0.99;	9.39;	-0.06;	0.13;	0.00;	-0.06;	0.13;	0.00
355;	49336;	49464;	128;	0.19;	-0.99;	9.44;	0.13;	0.00;	-0.06;	0.13;	0.00;	-0.06
356;	49464;	49601;	137;	0.20;	-1.01;	9.42;	-0.06;	0.06;	-0.06;	-0.06;	0.06;	-0.06
357;	49601;	49732;	131;	0.20;	-1.00;	9.46;	0.00;	0.06;	-0.19;	0.00;	0.06;	-0.19
358;	49732;	49862;	130;	0.20;	-0.99;	9.42;	0.00;	0.06;	-0.06;	0.00;	0.06;	-0.06
359;	49862;	49990;	128;	0.20;	-1.01;	9.44;	-0.06;	0.31;	0.00;	-0.06;	0.31;	0.00
360;	49990;	50119;	129;	0.20;	-0.99;	9.44;	0.00;	0.00;	0.00;	0.00;	0.00;	0.00
361;	50119;	50247;	128;	0.20;	-1.00;	9.44;	0.00;	0.00;	0.00;	0.00;	0.00;	0.00
362;	50247;	50376;	129;	0.20;	-0.98;	9.45;	0.06;	-0.19;	-0.06;	0.00;	0.06;	-0.06
363;	50376;	50514;	138;	0.20;	-1.01;	9.45;	0.00;	0.19;	-0.06;	0.00;	0.19;	-0.06
364;	50514;	50643;	129;	0.20;	-1.01;	9.42;	-0.13;	0.13;	-0.06;	-0.13;	0.13;	-0.06
365;	50643;	50773;	130;	0.19;	-1.01;	9.42;	0.00;	0.06;	0.06;	0.00;	0.06;	0.06
366;	50773;	50903;	130;	0.20;	-1.00;	9.44;	0.06;	-0.06;	-0.13;	0.06;	-0.06;	-0.13
367;	50903;	51033;	130;	0.20;	-1.00;	9.46;	-0.06;	0.00;	0.00;	-0.06;	0.00;	0.00
368;	51033;	51173;	140;	0.21;	-1.02;	9.45;	-0.13;	-0.06;	-0.06;	-0.13;	-0.06;	-0.06
369;	51173;	51309;	136;	0.21;	-1.00;	9.46;	-0.06;	-0.25;	0.00;	0.06;	0.00;	-0.06
370;	51309;	51457;	148;	0.19;	-0.99;	9.41;	0.00;	0.06;	0.06;	0.00;	0.06;	0.06
371;	51457;	51588;	131;	0.20;	-1.01;	9.42;	-0.06;	0.13;	-0.06;	-0.06;	0.13;	-0.06
372;	51588;	51719;	131;	0.20;	-0.99;	9.44;	0.00;	0.00;	0.06;	0.00;	0.00;	0.06
373;	51719;	51849;	130;	0.20;	-1.01;	9.43;	0.13;	-0.06;	0.06;	0.13;	-0.06;	0.06
374;	51849;	51980;	131;	0.19;	-1.00;	9.43;	0.06;	-0.19;	0.06;	-0.06;	-0.06;	0.13
375;	51980;	52118;	138;	0.21;	-0.99;	9.45;	0.00;	0.00;	0.06;	0.00;	0.00;	0.06
376;	52118;	52246;	128;	0.20;	-1.00;	9.44;	0.00;	0.00;	0.13;	0.00;	0.00;	0.13
377;	52246;	52374;	128;	0.20;	-1.00;	9.47;	0.06;	0.00;	0.00;	0.06;	0.00;	0.00
378;	52374;	52503;	129;	0.22;	-1.02;	9.41;	0.06;	0.19;	0.06;	-0.06;	0.00;	0.00
379;	52503;	52633;	130;	0.19;	-1.00;	9.47;	0.06;	-0.06;	0.06;	0.06;	-0.25;	0.13
380;	52633;	52763;	130;	0.19;	-1.01;	9.43;	0.00;	0.13;	0.06;	0.06;	-0.13;	0.00
381;	52763;	52893;	130;	0.19;	-1.00;	9.44;	0.00;	-0.13;	-0.06;	0.00;	-0.19;	-0.13
382;	52893;	53031;	138;	0.18;	-1.01;	9.45;	0.00;	-0.13;	-0.13;	0.00;	-0.13;	-0.13
383;	53031;	53160;	129;	0.18;	-0.99;	9.44;	0.00;	0.13;	-0.06;	0.00;	0.13;	-0.06
384;	53160;	53301;	141;	0.17;	-1.01;	9.44;	0.19;	0.00;	0.00;	0.19;	0.00;	0.00
385;	53301;	53430;	129;	0.18;	-0.99;	9.43;	-0.06;	0.13;	-0.06;	-0.06;	0.13;	-0.06
386;	53430;	53576;	146;	0.18;	-1.01;	9.42;	0.00;	0.00;	0.00;	0.00;	0.00;	0.06
387;	53576;	53706;	130;	0.20;	-1.01;	9.43;	-0.19;	-0.06;	0.00;	0.00;	0.06;	0.06
388;	53706;	53844;	138;	0.18;	-1.01;	9.45;	-0.19;	0.00;	0.06;	-0.19;	0.00;	0.06
389;	53844;	53974;	130;	0.23;	-1.01;	9.44;	-0.06;	0.06;	0.00;	-0.06;	0.06;	0.00
390;	53974;	54102;	128;	0.21;	-0.99;	9.42;	0.00;	-0.13;	0.00;	0.00;	-0.13;	0.00
391;	54102;	54230;	128;	0.20;	-1.01;	9.43;	-0.06;	-0.13;	0.00;	-0.06;	-0.13;	0.00
392;	54230;	54359;	129;	0.22;	-1.00;	9.45;	0.06;	0.19;	-0.06;	0.00;	0.06;	-0.19
393;	54359;	54488;	129;	0.19;	-1.00;	9.41;	0.06;	0.00;	-0.06;	0.06;	0.00;	-0.06
394;	54488;	54627;	139;	0.19;	-0.99;	9.44;	0.06;	0.13;	0.06;	0.06;	0.13;	0.06
395;	54627;	54755;	128;	0.19;	-1.00;	9.39;	-0.06;	0.06;	0.06;	-0.06;	0.06;	0.06
396;	54755;	54883;	128;	0.21;	-1.01;	9.42;	0.00;	-0.06;	0.00;	0.00;	-0.06;	0.00
397;	54883;	55011;	128;	0.20;	-1.00;	9.43;	0.06;	-0.06;	0.06;	0.06;	0.00;	-0.13
398;	55011;	55141;	130;	0.20;	-1.01;	9.43;	-0.06;	-0.06;	0.00;	0.00;	0.19;	0.00
399;	55141;	55271;	130;	0.20;	-1.00;	9.44;	0.00;	0.00;	0.00;	-0.06;	-0.06;	0.00
400;	55271;	55409;	138;	0.21;	-1.01;	9.42;	-0.13;	0.06;	0.13;	-0.13;	0.06;	0.13
401;	55409;	55551;	142;	0.21;	-1.01;	9.46;	0.06;	-0.13;	0.00;	0.06;	-0.13;	0.00
402;	55551;	55681;	130;	0.20;	-1.03;	9.44;	0.06;	-0.06;	0.00;	0.06;	-0.06;	0.00
403;	55681;	55826;	145;	0.21;	-1.01;	9.44;	0.00;	0.00;	0.13;	0.00;	0.00;	0.13
404;	55826;	55954;	128;	0.20;	-1.01;	9.46;	-0.06;	0.00;	0.13;	0.00;	-0.06;	0.06
405;	55954;	56084;	130;	0.21;	-1.02;	9.44;	-0.06;	-0.06;	0.00;	-0.06;	-0.06;	0.00
406;	56084;	56214;	130;	0.21;	-1.01;	9.43;	0.19;	0.00;	0.06;	-0.13;	0.00;	0.06
407;	56214;	56352;	138;	0.19;	-1.03;	9.45;	-0.06;	0.06;	0.06;	-0.06;	0.06;	0.06
408;	56352;	56482;	130;	0.20;	-1.00;	9.45;	0.00;	0.06;	0.00;	0.00;	0.06;	0.00
409;	56482;	56610;	128;	0.21;	-1.00;	9.44;	0.00;	-0.13;	-0.06;	0.00;	-0.13;	-0.06
410;	56610;	56738;	128;	0.19;	-0.99;	9.41;	-0.06;	0.13;	0.00;	-0.06;	0.13;	0.00
411;	56738;	56867;	129;	0.20;	-0.99;	9.42;	-0.06;	0.00;	0.00;	-0.13;	-0.06;	0.00
412;	56867;	56997;	130;	0.19;	-0.99;	9.44;	-0.06;	0.00;	-0.06;	0.00;	0.19;	-0.19
413;	56997;	57135;	138;	0.22;	-1.01;	9.44;	-0.06;	0.06;	-0.06;	-0.06;	0.06;	-0.06
414;	57135;	57263;	128;	0.21;	-1.01;	9.42;	0.00;	-0.13;	0.00;	0.00;	-0.13;	0.00
415;	57263;	57391;	128;	0.19;	-0.99;	9.42;	-0.13;	0.00;	-0.06;	-0.13;	0.00;	-0.06
416;	57391;	57520;	129;	0.20;	-1.02;	9.43;	0.06;	0.25;	-0.06;	0.00;	0.00;	0.00
417;	57520;	57649;	129;	0.21;	-1.00;	9.46;	-0.13;	0.13;	0.00;	-0.13;	0.13;	0.00
418;	57649;	57791;	142;	0.20;	-1.01;	9.46;	-0.13;	-0.06;	-0.06;	-0.19;	-0.13;	-0.13
419;	57791;	57947;	156;	0.19;	-1.01;	9.41;	0.06;	0.00;	0.06;	0.06;	0.00;	0.06
420;	57947;	58075;	128;	0.19;	-1.01;	9.43;	-0.06;	0.13;	-0.06;	-0.06;	0.13;	-0.06
421;	58075;	58203;	128;	0.21;	-1.00;	9.44;	-0.06;	-0.06;	-0.13;	-0.06;	-0.06;	-0.13
422;	58203;	58332;	129;	0.20;	-1.01;	9.42;	0.06;	0.00;	-0.06;	0.00;	0.06;	0.00
423;	58332;	58462;	130;	0.19;	-1.00;	9.42;	0.00;	0.00;	-0.06;	0.00;	-0.06;	0.06
424;	58462;	58592;	130;	0.20;	-1.01;	9.45;	0.00;	0.19;	-0.19;	0.00;	0.19;	-0.19
425;	58592;	58721;	129;	0.22;	-1.00;	9.41;	0.00;	-0.13;	-0.06;	0.00;	-0.13;	-0.06
426;	58721;	58860;	139;	0.18;	-1.01;	9.46;	0.00;	0.00;	0.00;	0.00;	0.00;	0.00
427;	58860;	58989;	129;	0.21;	-0.99;	9.44;	0.06;	-0.06;	-0.06;	0.06;	-0.06;	-0.06
428;	58989;	59117;	128;	0.20;	-0.99;	9.44;	0.00;	0.00;	-0.06;	0.00;	0.00;	-0.06
429;	59117;	59246;	129;	0.20;	-1.01;	9.44;	0.00;	-0.13;	0.00;	-0.06;	-0.06;	0.00
430;	59246;	59376;	130;	0.22;	-1.03;	9.41;	-0.06;	0.13;	-0.06;	0.06;	0.00;	0.00
431;	59376;	59506;	130;	0.20;	-0.97;	9.49;	0.00;	-0.06;	0.00;	-0.06;	0.00;	0.06
432;	59506;	59644;	138;	0.20;	-1.00;	9.44;	-0.06;	0.13;	0.13;	-0.06;	0.13;	0.13
433;	59644;	59771;	127;	0.20;	-1.00;	9.42;	0.00;	0.06;	0.13;	0.00;	0.06;	0.13
434;	59771;	59910;	139;	0.22;	-1.03;	9.44;	0.06;	-0.06;	0.00;	0.06;	-0.06;	0.00
435;	59910;	60038;	128;	0.21;	-1.01;	9.44;	-0.06;	0.00;	0.00;	0.00;	0.06;	0.00
436;	60038;	60186;	148;	0.20;	-1.01;	9.43;	0.00;	0.06;	0.00;	0.00;	0.06;	0.00
437;	60186;	60317;	131;	0.20;	-0.99;	9.44;	0.06;	-0.06;	-0.06;	0.06;	-0.06;	-0.06
438;	60317;	60487;	170;	0.20;	-1.00;	9.43;	-0.06;	0.13;	-0.06;	-0.06;	0.13;	-0.06
439;	60487;	60618;	131;	0.19;	-1.00;	9.42;	-0.06;	-0.06;	-0.06;	-0.06;	-0.06;	-0.06
440;	60618;	60749;	131;	0.20;	-1.00;	9.44;	-0.06;	0.00;	-0.06;	-0.06;	0.00;	-0.06
441;	60749;	60877;	128;	0.18;	-1.00;	9.43;	0.06;	0.00;	0.00;	0.06;	0.00;	0.00
442;	60877;	61006;	129;	0.21;	-1.00;	9.46;	0.00;	-0.19;	-0.06;	0.00;	-0.19;	-0.06
443;	61006;	61134;	128;	0.20;	-0.99;	9.39;	-0.06;	0.19;	0.00;	-0.06;	0.19;	0.00
444;	61134;	61271;	137;	0.21;	-1.00;	9.43;	0.06;	0.00;	0.06;	0.06;	0.00;	0.06
445;	61271;	61402;	131;	0.20;	-1.00;	9.44;	-0.06;	-0.13;	-0.19;	-0.06;	-0.13;	-0.19
446;	61402;	61531;	129;	0.21;	-0.99;	9.41;	-0.06;	0.06;	0.00;	-0.06;	0.06;	0.00
447;	61531;	61662;	131;	0.21;	-1.01;	9.44;	0.00;	-0.06;	0.13;	0.00;	-0.06;	0.13
448;	61662;	61793;	131;	0.20;	-1.01;	9.45;	0.06;	0.06;	0.06;	0.06;	0.06;	0.06
449;	61793;	61924;	131;	0.22;	-0.99;	9.45;	0.00;	-0.13;	0.00;	0.00;	-0.13;	-0.06
450;	61924;	62054;	130;	0.22;	-0.97;	9.44;	0.00;	0.06;	-0.06;	0.00;	0.06;	-0.06
451;	62054;	62203;	149;	0.21;	-1.01;	9.43;	0.00;	0.06;	0.06;	0.00;	0.06;	0.06
452;	62203;	62365;	162;	0.20;	-1.01;	9.44;	0.00;	0.13;	-0.06;	0.00;	0.13;	-0.06
453;	62365;	62495;	130;	0.21;	-1.01;	9.43;	0.06;	0.06;	0.00;	0.06;	0.06;	0.00
454;	62495;	62626;	131;	0.19;	-1.01;	9.46;	-0.06;	-0.06;	0.00;	-0.06;	-0.06;	0.00
455;	62626;	62756;	130;	0.19;	-0.98;	9.44;	-0.19;	0.13;	-0.06;	-0.19;	0.13;	-0.06
456;	62756;	62884;	128;	0.20;	-1.01;	9.42;	0.13;	0.00;	-0.06;	0.13;	0.00;	-0.06
457;	62884;	63021;	137;	0.19;	-1.01;	9.45;	0.00;	-0.06;	0.06;	0.00;	-0.06;	0.06
458;	63021;	63149;	128;	0.20;	-1.00;	9.44;	0.00;	0.00;	-0.06;	0.06;	0.19;	0.00
459;	63149;	63279;	130;	0.18;	-1.01;	9.44;	0.06;	0.00;	0.13;	0.00;	-0.13;	0.06
460;	63279;	63409;	130;	0.19;	-1.00;	9.43;	0.00;	0.13;	-0.06;	0.00;	0.13;	-0.06
461;	63409;	63538;	129;	0.20;	-0.99;	9.42;	0.00;	-0.06;	-0.06;	0.00;	-0.06;	-0.06
462;	63538;	63669;	131;	0.21;	-1.01;	9.42;	0.00;	-0.25;	-0.06;	0.00;	-0.25;	-0.06
463;	63669;	63808;	139;	0.19;	-1.00;	9.45;	-0.13;	0.06;	-0.06;	-0.13;	0.06;	-0.06
464;	63808;	63936;	128;	0.19;	-1.02;	9.43;	0.00;	-0.25;	0.06;	0.00;	-0.25;	0.06
465;	63936;	64064;	128;	0.19;	-1.01;	9.44;	-0.06;	-0.13;	-0.13;	-0.06;	-0.13;	-0.13
466;	64064;	64193;	129;	0.21;	-1.00;	9.40;	-0.13;	-0.13;	0.06;	0.13;	-0.06;	0.00
467;	64193;	64323;	130;	0.21;	-1.00;	9.45;	0.00;	0.00;	0.00;	0.06;	0.00;	-0.13
468;	64323;	64464;	141;	0.19;	-1.00;	9.45;	0.00;	-0.06;	-0.06;	0.00;	-0.13;	0.00
469;	64464;	64611;	147;	0.21;	-0.98;	9.44;	-0.06;	0.06;	-0.13;	-0.06;	0.06;	-0.13
470;	64611;	64747;	136;	0.21;	-1.00;	9.42;	0.00;	0.00;	-0.06;	0.00;	0.00;	-0.06
471;	64747;	64875;	128;	0.19;	-1.01;	9.44;	-0.13;	-0.06;	0.00;	-0.06;	0.06;	-0.13
472;	64875;	65005;	130;	0.21;	-0.99;	9.46;	-0.13;	0.00;	0.00;	-0.06;	0.06;	-0.06
473;	65005;	65135;	130;	0.21;	-1.01;	9.45;	0.00;	-0.06;	-0.13;	0.00;	-0.06;	-0.13
474;	65135;	65265;	130;	0.19;	-1.00;	9.46;	0.00;	0.00;	-0.06;	0.00;	0.00;	-0.06
475;	65265;	65394;	129;	0.19;	-1.03;	9.43;	0.06;	-0.19;	0.06;	0.06;	-0.19;	0.06
476;	65394;	65533;	139;	0.19;	-1.00;	9.43;	0.00;	0.06;	0.00;	0.00;	0.06;	0.00
477;	65533;	65662;	129;	0.21;	-1.01;	9.42;	0.00;	0.06;	0.00;	0.00;	0.06;	0.00
478;	65662;	65790;	128;	0.21;	-1.02;	9.42;	0.06;	0.00;	0.06;	0.06;	0.00;	0.06
479;	65790;	65919;	129;	0.19;	-1.02;	9.46;	-0.06;	0.00;	-0.06;	-0.06;	0.13;	-0.06
480;	65919;	66048;	129;	0.20;	-1.00;	9.45;	-0.06;	-0.06;	0.06;	-0.06;	-0.06;	0.06
481;	66048;	66178;	130;	0.19;	-1.01;	9.42;	0.00;	-0.06;	0.00;	0.00;	-0.06;	0.00
482;	66178;	66317;	139;	0.21;	-1.00;	9.42;	0.00;	-0.06;	-0.06;	0.00;	-0.06;	-0.06
483;	66317;	66445;	128;	0.19;	-1.04;	9.43;	-0.06;	-0.13;	0.06;	-0.06;	-0.13;	0.06
484;	66445;	66583;	138;	0.19;	-1.01;	9.45;	0.00;	0.06;	0.00;	0.00;	0.06;	0.00
485;	66583;	66729;	146;	0.18;	-1.01;	9.44;	-0.06;	0.00;	-0.06;	-0.06;	0.00;	-0.06
486;	66729;	66860;	131;	0.20;	-1.01;	9.42;	0.06;	-0.13;	0.06;	0.06;	-0.13;	0.06
487;	66860;	66991;	131;	0.21;	-1.01;	9.45;	0.00;	0.06;	-0.19;	0.00;	0.06;	-0.19
488;	66991;	67130;	139;	0.18;	-1.01;	9.46;	0.00;	0.06;	0.00;	0.00;	0.06;	0.00
489;	67130;	67261;	131;	0.21;	-1.01;	9.45;	0.00;	0.00;	-0.06;	0.00;	0.00;	-0.06
490;	67261;	67392;	131;	0.19;	-1.01;	9.46;	0.00;	0.00;	0.00;	0.00;	0.00;	0.00
491;	67392;	67523;	131;	0.20;	-1.00;	9.46;	0.06;	0.06;	0.13;	0.06;	0.06;	0.13
492;	67523;	67652;	129;	0.21;	-1.01;	9.41;	0.00;	-0.25;	0.06;	0.00;	-0.25;	0.06
493;	67652;	67783;	131;	0.19;	-1.00;	9.43;	0.06;	0.00;	-0.06;	0.06;	0.00;	-0.06
494;	67783;	67914;	131;	0.20;	-1.00;	9.44;	-0.06;	0.00;	0.00;	-0.06;	0.00;	0.00
495;	67914;	68053;	139;	0.18;	-1.00;	9.41;	0.00;	0.13;	0.00;	0.00;	0.13;	0.00
496;	68053;	68183;	130;	0.21;	-1.01;	9.43;	-0.06;	0.00;	0.13;	-0.06;	0.00;	0.13
497;	68183;	68312;	129;	0.20;	-1.01;	9.41;	0.06;	-0.06;	0.06;	0.06;	-0.06;	0.06
498;	68312;	68440;	128;	0.20;	-0.99;	9.43;	0.00;	0.06;	0.00;	0.00;	0.06;	0.00
499;	68440;	68568;	128;	0.20;	-1.00;	9.45;	0.00;	0.19;	-0.06;	-0.06;	-0.06;	0.06
500;	68568;	68698;	130;	0.21;	-1.01;	9.45;	0.00;	0.00;	-0.06;	-0.06;	-0.06;	-0.06
501;	68698;	68847;	149;	0.21;	-0.99;	9.45;	0.00;	0.13;	0.00;	0.00;	0.13;	0.00
502;	68847;	68995;	148;	0.20;	-1.00;	9.43;	0.00;	-0.06;	0.00;	0.00;	-0.06;	0.00
503;	68995;	69124;	129;	0.19;	-1.01;	9.46;	0.00;	0.00;	0.06;	0.00;	0.00;	0.06
504;	69124;	69252;	128;	0.21;	-1.00;	9.45;	0.06;	0.06;	-0.13;	0.06;	0.06;	-0.13
505;	69252;	69381;	129;	0.20;	-1.00;	9.44;	0.06;	0.06;	0.06;	-0.06;	0.06;	-0.06
506;	69381;	69510;	129;	0.19;	-1.01;	9.40;	0.00;	0.06;	0.00;	0.00;	0.06;	0.00
507;	69510;	69640;	130;	0.21;	-0.99;	9.44;	0.00;	-0.06;	-0.06;	0.00;	-0.06;	-0.06
508;	69640;	69779;	139;	0.21;	-1.00;	9.44;	0.00;	-0.13;	0.00;	0.00;	-0.13;	0.00
509;	69779;	69906;	127;	0.20;	-1.00;	9.45;	-0.06;	0.06;	0.06;	-0.06;	0.06;	0.06
510;	69906;	70034;	128;	0.20;	-1.00;	9.44;	-0.06;	-0.06;	0.00;	-0.06;	-0.06;	0.00
511;	70034;	70163;	129;	0.20;	-0.99;	9.42;	-0.06;	0.00;	-0.06;	-0.06;	-0.06;	0.00
512;	70163;	70293;	130;	0.22;	-1.02;	9.44;	0.00;	0.13;	-0.06;	0.00;	0.13;	0.00
513;	70293;	70423;	130;	0.19;	-1.02;	9.45;	-0.06;	0.13;	0.00;	-0.06;	0.13;	0.00
514;	70423;	70562;	139;	0.20;	-1.01;	9.42;	-0.06;	0.13;	0.00;	-0.06;	0.13;	0.00
515;	70562;	70693;	131;	0.20;	-1.01;	9.44;	0.00;	-0.19;	0.06;	0.00;	-0.19;	0.06
516;	70693;	70824;	131;	0.20;	-1.01;	9.43;	0.00;	-0.13;	0.00;	0.00;	-0.13;	0.00
517;	70824;	70955;	131;	0.19;	-1.01;	9.45;	-0.06;	0.06;	0.00;	-0.06;	0.06;	0.00
518;	70955;	71114;	159;	0.20;	-1.01;	9.43;	-0.06;	0.06;	-0.13;	-0.06;	0.06;	-0.13
519;	71114;	71245;	131;	0.17;	-1.01;	9.42;	0.06;	-0.06;	0.06;	0.06;	-0.06;	0.06
520;	71245;	71384;	139;	0.22;	-1.00;	9.43;	0.06;	-0.13;	0.06;	0.06;	-0.13;	0.06
521;	71384;	71511;	127;	0.19;	-1.01;	9.43;	-0.13;	0.06;	0.06;	-0.13;	0.06;	0.06
522;	71511;	71639;	128;	0.19;	-0.98;	9.43;	-0.06;	0.13;	-0.06;	0.06;	0.06;	-0.13
523;	71639;	71768;	129;	0.20;	-1.02;	9.42;	0.00;	0.13;	-0.06;	0.06;	0.00;	0.06
524;	71768;	71898;	130;	0.20;	-1.00;	9.45;	0.00;	0.13;	-0.13;	0.00;	0.13;	-0.13
525;	71898;	72028;	130;	0.19;	-1.00;	9.42;	0.00;	-0.13;	0.06;	0.00;	-0.13;	0.06
526;	72028;	72199;	171;	0.21;	-1.00;	9.45;	0.00;	0.13;	-0.06;	0.00;	0.13;	-0.06
527;	72199;	72329;	130;	0.22;	-1.00;	9.43;	0.00;	0.00;	0.00;	0.00;	0.00;	0.00
528;	72329;	72460;	131;	0.20;	-1.02;	9.43;	0.06;	-0.19;	0.00;	0.06;	-0.19;	0.00
529;	72460;	72590;	130;	0.21;	-1.00;	9.47;	-0.06;	0.00;	0.00;	-0.06;	0.00;	0.00
530;	72590;	72719;	129;	0.20;	-1.01;	9.45;	-0.06;	-0.06;	0.06;	-0.06;	-0.06;	0.06
531;	72719;	72849;	130;	0.22;	-1.00;	9.45;	0.13;	-0.19;	0.06;	0.13;	-0.19;	0.06
532;	72849;	72979;	130;	0.20;	-1.00;	9.45;	0.00;	0.13;	-0.13;	0.00;	0.13;	-0.13
533;	72979;	73116;	137;	0.21;	-1.00;	9.45;	-0.06;	-0.06;	-0.06;	-0.06;	-0.06;	-0.06
534;	73116;	73256;	140;	0.21;	-1.01;	9.44;	0.00;	0.00;	0.00;	0.00;	0.00;	0.00
535;	73256;	73401;	145;	0.19;	-1.01;	9.44;	0.00;	-0.06;	0.00;	0.00;	-0.06;	0.00
536;	73401;	73530;	129;	0.22;	-0.99;	9.43;	0.00;	-0.13;	-0.06;	0.00;	-0.13;	-0.06
537;	73530;	73658;	128;	0.19;	-1.00;	9.43;	-0.06;	-0.06;	-0.06;	-0.06;	-0.06;	-0.06
538;	73658;	73786;	128;	0.20;	-1.01;	9.43;	-0.06;	-0.06;	0.06;	0.06;	-0.19;	0.06
539;	73786;	73924;	138;	0.18;	-1.01;	9.43;	0.00;	-0.13;	0.00;	0.00;	-0.13;	0.00
540;	73924;	74055;	131;	0.20;	-1.00;	9.44;	0.06;	-0.06;	0.00;	0.06;	-0.06;	0.00
541;	74055;	74185;	130;	0.20;	-1.00;	9.44;	0.13;	-0.25;	0.00;	0.13;	-0.25;	0.00
542;	74185;	74316;	131;	0.19;	-1.01;	9.43;	0.00;	0.06;	0.06;	0.00;	0.06;	0.06
543;	74316;	74446;	130;	0.21;	-1.01;	9.44;	-0.13;	-0.06;	-0.13;	-0.13;	-0.06;	-0.13
544;	74446;	74574;	128;	0.20;	-0.99;	9.43;	0.06;	-0.06;	0.00;	0.06;	-0.06;	0.00
545;	74574;	74724;	150;	0.20;	-1.00;	9.41;	-0.06;	0.13;	-0.06;	-0.06;	0.13;	-0.06
546;	74724;	74852;	128;	0.21;	-1.01;	9.45;	-0.06;	0.06;	-0.06;	-0.06;	0.06;	-0.06
547;	74852;	74980;	128;	0.19;	-1.02;	9.43;	0.00;	0.13;	-0.06;	-0.13;	0.13;	0.00
548;	74980;	75110;	130;	0.21;	-0.99;	9.44;	0.06;	0.00;	0.00;	0.06;	-0.19;	0.00
549;	75110;	75240;	130;	0.23;	-1.01;	9.45;	0.06;	-0.06;	0.00;	0.00;	0.00;	0.00
550;	75240;	75370;	130;	0.20;	-1.00;	9.42;	0.00;	0.06;	0.00;	0.00;	0.06;	0.00
551;	75370;	75530;	160;	0.19;	-1.02;	9.39;	0.00;	0.06;	-0.13;	0.00;	0.06;	-0.13
552;	75530;	75669;	139;	0.20;	-1.00;	9.44;	-0.06;	0.00;	0.00;	-0.06;	0.00;	0.00
553;	75669;	75799;	130;	0.19;	-1.00;	9.45;	0.06;	0.13;	0.00;	0.06;	0.13;	0.00
554;	75799;	75927;	128;	0.20;	-1.01;	9.41;	-0.06;	-0.06;	-0.06;	-0.06;	-0.06;	-0.06
555;	75927;	76055;	128;	0.20;	-1.01;	9.43;	0.00;	-0.06;	-0.13;	0.00;	-0.06;	-0.13
556;	76055;	76184;	129;	0.18;	-1.01;	9.42;	-0.06;	0.13;	-0.06;	0.00;	0.00;	-0.06
557;	76184;	76313;	129;	0.21;	-1.00;	9.45;	-0.06;	0.06;	0.00;	-0.06;	0.06;	0.00
558;	76313;	76451;	138;	0.19;	-1.00;	9.45;	-0.06;	0.00;	-0.06;	-0.06;	0.00;	-0.06
559;	76451;	76578;	127;	0.19;	-1.00;	9.42;	0.06;	0.06;	0.00;	0.06;	0.06;	0.00
560;	76578;	76706;	128;	0.21;	-1.01;	9.43;	0.00;	-0.19;	-0.06;	-0.06;	0.00;	0.06
561;	76706;	76835;	129;	0.20;	-1.01;	9.40;	0.00;	0.06;	-0.13;	0.00;	0.06;	-0.13
562;	76835;	76965;	130;	0.21;	-1.01;	9.44;	-0.06;	-0.06;	0.06;	-0.06;	-0.06;	0.06
563;	76965;	77095;	130;	0.20;	-1.01;	9.46;	0.00;	0.00;	-0.13;	0.00;	0.00;	-0.13
564;	77095;	77234;	139;	0.20;	-1.01;	9.44;	0.00;	0.06;	-0.06;	0.00;	0.06;	-0.06
565;	77234;	77364;	130;	0.19;	-1.01;	9.44;	0.00;	0.00;	-0.06;	0.00;	0.00;	-0.06
566;	77364;	77493;	129;	0.22;	-0.98;	9.44;	0.00;	-0.06;	-0.13;	0.00;	-0.06;	-0.13
567;	77493;	77621;	128;	0.19;	-0.99;	9.44;	0.06;	-0.13;	0.00;	0.06;	-0.13;	0.00
568;	77621;	77778;	157;	0.18;	-1.01;	9.45;	-0.06;	-0.13;	0.06;	-0.06;	-0.13;	0.06
569;	77778;	77909;	131;	0.19;	-1.00;	9.44;	-0.06;	0.13;	-0.06;	-0.06;	0.13;	-0.06
570;	77909;	78047;	138;	0.19;	-1.01;	9.42;	-0.06;	0.00;	-0.13;	-0.06;	0.00;	-0.13
571;	78047;	78177;	130;	0.20;	-0.99;	9.45;	0.00;	0.00;	0.00;	0.00;	0.00;	0.00
572;	78177;	78307;	130;	0.20;	-0.99;	9.45;	0.00;	-0.06;	0.06;	0.00;	-0.06;	0.06
573;	78307;	78435;	128;	0.20;	-1.00;	9.45;	-0.06;	-0.06;	0.06;	-0.06;	-0.06;	0.06
574;	78435;	78563;	128;	0.21;	-1.01;	9.44;	0.00;	-0.13;	-0.06;	0.00;	0.06;	-0.06
575;	78563;	78692;	129;	0.20;	-1.00;	9.42;	0.13;	-0.13;	-0.06;	0.00;	-0.06;	0.06
576;	78692;	78822;	130;	0.21;	-1.01;	9.45;	0.19;	-0.06;	-0.06;	0.00;	0.06;	0.00
577;	78822;	78961;	139;	0.21;	-1.01;	9.42;	-0.06;	-0.06;	-0.13;	-0.06;	-0.06;	-0.13
578;	78961;	79089;	128;	0.20;	-1.02;	9.42;	0.13;	0.13;	0.00;	0.13;	0.13;	0.00
579;	79089;	79217;	128;	0.21;	-1.02;	9.45;	-0.13;	0.06;	-0.13;	-0.13;	0.06;	-0.13
580;	79217;	79345;	128;	0.21;	-1.00;	9.47;	0.06;	-0.19;	-0.06;	0.00;	-0.06;	0.00
581;	79345;	79475;	130;	0.21;	-0.99;	9.43;	0.06;	-0.06;	-0.06;	0.13;	0.06;	-0.06
582;	79475;	79605;	130;	0.22;	-1.01;	9.45;	0.06;	0.06;	0.00;	-0.06;	0.06;	-0.13
583;	79605;	79743;	138;	0.18;	-1.01;	9.42;	-0.06;	0.13;	-0.13;	-0.06;	0.13;	-0.13
584;	79743;	79902;	159;	0.20;	-0.98;	9.44;	0.00;	-0.13;	0.00;	0.00;	-0.13;	0.00
585;	79902;	80030;	128;	0.22;	-1.01;	9.46;	0.06;	0.06;	0.13;	0.06;	0.06;	0.13
586;	80030;	80158;	128;	0.21;	-0.99;	9.43;	0.00;	0.00;	0.06;	0.00;	-0.06;	0.06
587;	80158;	80288;	130;	0.21;	-1.01;	9.43;	0.06;	-0.19;	0.13;	-0.06;	0.00;	0.13
588;	80288;	80418;	130;	0.19;	-0.98;	9.45;	0.06;	-0.06;	0.00;	0.06;	-0.06;	0.00
589;	80418;	80556;	138;	0.20;	-1.01;	9.43;	0.13;	-0.06;	0.00;	0.13;	-0.06;	0.00
590;	80556;	80686;	130;	0.19;	-0.99;	9.46;	0.00;	0.13;	0.00;	0.00;	0.13;	0.00
591;	80686;	80816;	130;	0.20;	-1.01;	9.44;	-0.06;	0.13;	-0.19;	-0.06;	0.13;	-0.19
592;	80816;	80944;	128;	0.19;	-0.99;	9.40;	-0.06;	0.06;	0.06;	-0.06;	0.06;	0.06
593;	80944;	81072;	128;	0.20;	-0.99;	9.47;	0.06;	-0.13;	0.00;	0.06;	-0.13;	0.00
594;	81072;	81201;	129;	0.19;	-0.99;	9.42;	0.00;	0.00;	-0.06;	0.06;	-0.06;	0.06
595;	81201;	81331;	130;	0.20;	-1.00;	9.45;	0.06;	-0.06;	0.00;	-0.06;	-0.06;	0.13
596;	81331;	81469;	138;	0.19;	-0.99;	9.43;	0.00;	-0.06;	-0.06;	0.00;	-0.06;	-0.06
597;	81469;	81597;	128;	0.22;	-1.01;	9.43;	0.00;	-0.06;	-0.13;	0.00;	-0.06;	-0.13
598;	81597;	81725;	128;	0.21;	-1.00;	9.45;	0.00;	-0.06;	0.13;	0.00;	-0.06;	0.13
599;	81725;	81854;	129;	0.19;	-1.01;	9.43;	0.00;	0.00;	0.06;	-0.06;	0.13;	0.06
600;	81854;	81983;	129;	0.20;	-1.03;	9.46;	-0.13;	-0.13;	0.06;	-0.13;	-0.13;	0.06
601;	81983;	82142;	159;	0.18;	-0.99;	9.45;	0.00;	0.00;	-0.06;	0.00;	0.00;	-0.06
602;	82142;	82281;	139;	0.20;	-1.02;	9.46;	-0.06;	-0.06;	0.00;	-0.06;	-0.06;	0.00
603;	82281;	82410;	129;	0.20;	-1.01;	9.42;	0.06;	0.06;	0.00;	0.06;	0.06;	0.00
604;	82410;	82538;	128;	0.20;	-1.01;	9.45;	0.00;	-0.13;	0.06;	0.00;	-0.13;	0.06
605;	82538;	82667;	129;	0.19;	-1.00;	9.44;	0.00;	0.06;	0.06;	0.00;	0.00;	0.00
606;	82667;	82797;	130;	0.21;	-1.00;	9.42;	0.00;	0.06;	0.19;	-0.06;	-0.06;	0.00
607;	82797;	82927;	130;	0.21;	-1.00;	9.43;	0.00;	-0.06;	-0.06;	-0.13;	0.06;	0.00
608;	82927;	83065;	138;	0.21;	-1.00;	9.45;	-0.13;	-0.13;	0.06;	-0.13;	-0.13;	0.06
609;	83065;	83196;	131;	0.18;	-0.99;	9.43;	0.13;	0.00;	0.00;	0.13;	0.00;	0.00
610;	83196;	83327;	131;	0.19;	-1.00;	9.44;	-0.13;	-0.06;	0.06;	-0.13;	-0.06;	0.06
611;	83327;	83456;	129;	0.21;	-1.01;	9.43;	-0.06;	0.00;	0.00;	-0.06;	0.00;	0.00
612;	83456;	83586;	130;	0.20;	-0.99;	9.46;	0.06;	-0.13;	0.00;	0.06;	-0.13;	0.00
613;	83586;	83716;	130;	0.21;	-1.00;	9.43;	-0.06;	0.00;	0.06;	-0.06;	0.00;	0.06
614;	83716;	83884;	168;	0.20;	-0.98;	9.44;	-0.06;	0.13;	0.06;	-0.06;	0.13;	0.06
615;	83884;	84012;	128;	0.19;	-0.99;	9.41;	0.00;	-0.06;	0.00;	-0.06;	-0.13;	-0.06
616;	84012;	84141;	129;	0.20;	-1.00;	9.45;	0.00;	0.00;	0.06;	0.13;	-0.13;	-0.06
617;	84141;	84299;	158;	0.21;	-1.01;	9.45;	-0.06;	-0.06;	0.00;	-0.06;	-0.06;	0.00
618;	84299;	84429;	130;	0.20;	-1.01;	9.45;	0.00;	0.00;	0.00;	0.00;	0.00;	0.00
619;	84429;	84557;	128;	0.21;	-1.01;	9.40;	0.13;	0.19;	-0.06;	0.13;	0.19;	-0.06
620;	84557;	84685;	128;	0.19;	-0.99;	9.44;	0.00;	0.00;	-0.06;	0.00;	0.00;	-0.06
621;	84685;	84822;	137;	0.18;	-1.00;	9.42;	0.06;	-0.06;	0.06;	0.06;	-0.06;	0.06
622;	84822;	84952;	130;	0.21;	-0.99;	9.45;	0.00;	0.00;	-0.06;	0.00;	0.00;	-0.06
623;	84952;	85083;	131;	0.19;	-1.01;	9.43;	-0.06;	0.06;	0.06;	-0.06;	0.06;	0.06
624;	85083;	85212;	129;	0.19;	-1.01;	9.42;	0.06;	-0.06;	-0.06;	0.06;	-0.06;	-0.06
625;	85212;	85343;	131;	0.19;	-1.01;	9.46;	0.00;	0.00;	-0.06;	0.00;	0.00;	-0.06
626;	85343;	85473;	130;	0.21;	-1.00;	9.43;	0.06;	0.00;	-0.06;	0.06;	0.00;	-0.06
627;	85473;	85612;	139;	0.20;	-1.00;	9.44;	0.06;	0.00;	-0.06;	0.06;	0.00;	-0.06
628;	85612;	85740;	128;	0.21;	-1.01;	9.43;	0.00;	0.19;	-0.06;	0.00;	0.19;	-0.06
629;	85740;	85868;	128;	0.20;	-1.01;	9.42;	0.06;	0.00;	-0.13;	0.00;	0.06;	0.13
630;	85868;	85997;	129;	0.20;	-1.02;	9.46;	-0.13;	-0.06;	-0.06;	-0.06;	-0.06;	0.06
631;	85997;	86127;	130;	0.20;	-1.01;	9.43;	-0.13;	-0.06;	0.00;	-0.13;	-0.06;	0.00
632;	86127;	86257;	130;	0.21;	-1.01;	9.40;	0.06;	0.00;	-0.06;	0.06;	0.00;	-0.06
633;	86257;	86396;	139;	0.21;	-1.01;	9.47;	0.13;	0.06;	-0.06;	0.13;	0.06;	-0.06
634;	86396;	86571;	175;	0.19;	-1.01;	9.40;	-0.06;	0.13;	-0.13;	-0.06;	0.13;	-0.13
635;	86571;	86701;	130;	0.20;	-1.00;	9.42;	0.00;	0.00;	0.00;	-0.06;	-0.13;	0.00
636;	86701;	86830;	129;	0.20;	-1.01;	9.43;	-0.06;	-0.06;	0.00;	0.06;	-0.06;	0.00
637;	86830;	86960;	130;	0.19;	-1.00;	9.44;	0.06;	-0.13;	0.00;	0.00;	-0.13;	-0.06
638;	86960;	87090;	130;	0.21;	-0.99;	9.43;	-0.06;	0.31;	0.00;	-0.06;	0.31;	0.00
639;	87090;	87219;	129;	0.20;	-1.03;	9.43;	0.00;	-0.06;	-0.06;	0.00;	-0.06;	-0.06
640;	87219;	87357;	138;	0.19;	-1.01;	9.45;	0.06;	0.00;	0.13;	0.06;	0.00;	0.13
641;	87357;	87484;	127;	0.19;	-0.99;	9.43;	-0.06;	-0.25;	0.00;	-0.06;	-0.25;	0.00
642;	87484;	87613;	129;	0.18;	-1.01;	9.43;	0.00;	0.00;	-0.06;	0.06;	0.06;	0.06
643;	87613;	87743;	130;	0.20;	-1.01;	9.45;	-0.06;	0.06;	0.06;	-0.06;	0.06;	0.06
644;	87743;	87872;	129;	0.19;	-0.99;	9.43;	0.13;	0.13;	0.06;	0.13;	0.13;	0.06
645;	87872;	88003;	131;	0.20;	-0.99;	9.46;	0.00;	0.06;	-0.06;	0.00;	0.06;	-0.06
646;	88003;	88142;	139;	0.17;	-1.01;	9.46;	-0.19;	0.06;	0.00;	-0.19;	0.06;	0.00
647;	88142;	88270;	128;	0.21;	-1.01;	9.41;	0.00;	-0.13;	0.00;	0.00;	-0.13;	0.00
648;	88270;	88398;	128;	0.20;	-1.00;	9.45;	0.13;	0.06;	0.06;	0.13;	0.06;	0.06
649;	88398;	88527;	129;	0.19;	-1.00;	9.45;	0.06;	0.00;	0.00;	0.06;	-0.13;	0.06
650;	88527;	88674;	147;	0.21;	-1.01;	9.41;	0.00;	0.00;	-0.06;	0.00;	0.00;	-0.06
651;	88674;	88816;	142;	0.19;	-1.03;	9.45;	0.00;	-0.13;	-0.06;	0.00;	-0.13;	-0.06
652;	88816;	88955;	139;	0.22;	-1.01;	9.44;	-0.06;	0.06;	-0.06;	-0.06;	0.06;	-0.06
653;	88955;	89085;	130;	0.19;	-1.00;	9.43;	-0.06;	-0.06;	0.06;	-0.06;	-0.06;	0.06
654;	89085;	89215;	130;	0.19;	-1.01;	9.45;	0.13;	-0.19;	-0.13;	0.13;	-0.19;	-0.13
655;	89215;	89344;	129;	0.21;	-1.01;	9.43;	-0.06;	0.13;	-0.06;	-0.06;	0.13;	-0.06
656;	89344;	89472;	128;	0.20;	-1.02;	9.46;	0.13;	0.00;	0.00;	0.13;	0.00;	0.00
657;	89472;	89600;	128;	0.21;	-1.00;	9.43;	0.00;	-0.06;	-0.13;	0.00;	0.00;	-0.06
658;	89600;	89729;	129;	0.20;	-0.99;	9.44;	0.00;	-0.06;	0.00;	0.00;	-0.06;	0.00
659;	89729;	89868;	139;	0.21;	-1.02;	9.44;	0.00;	-0.13;	-0.06;	0.00;	-0.13;	-0.06
660;	89868;	89998;	130;	0.20;	-1.00;	9.42;	0.00;	-0.06;	0.00;	0.00;	-0.06;	0.00
661;	89998;	90126;	128;	0.20;	-1.01;	9.40;	-0.13;	0.06;	-0.13;	-0.13;	0.06;	-0.13
662;	90126;	90254;	128;	0.18;	-1.02;	9.41;	-0.13;	0.00;	-0.06;	-0.13;	0.00;	-0.06
663;	90254;	90383;	129;	0.22;	-1.01;	9.40;	0.00;	0.13;	0.00;	-0.06;	-0.06;	0.00
664;	90383;	90513;	130;	0.20;	-1.01;	9.43;	0.00;	-0.06;	0.00;	0.06;	0.13;	0.13
665;	90513;	90651;	138;	0.20;	-1.00;	9.44;	0.06;	-0.13;	0.13;	0.06;	-0.13;	0.13
666;	90651;	90779;	128;	0.21;	-1.01;	9.43;	-0.06;	0.00;	0.06;	-0.06;	0.00;	0.06
667;	90779;	90935;	156;	0.20;	-0.99;	9.40;	0.06;	0.13;	0.06;	0.00;	0.00;	0.00
668;	90935;	91065;	130;	0.20;	-1.01;	9.44;	0.06;	0.06;	-0.06;	-0.13;	-0.13;	-0.06
669;	91065;	91195;	130;	0.20;	-1.00;	9.43;	0.06;	0.13;	-0.06;	-0.06;	0.00;	-0.06
670;	91195;	91325;	130;	0.21;	-1.01;	9.44;	0.06;	0.00;	0.00;	0.00;	0.06;	-0.06
671;	91325;	91463;	138;	0.18;	-1.02;	9.44;	0.06;	0.00;	0.00;	0.06;	0.00;	0.00
672;	91463;	91592;	129;	0.19;	-1.00;	9.44;	0.06;	0.00;	0.06;	0.06;	0.00;	0.06
673;	91592;	91720;	128;	0.23;	-1.02;	9.45;	-0.06;	0.06;	-0.06;	-0.06;	0.06;	-0.06
674;	91720;	91848;	128;	0.20;	-0.99;	9.43;	0.00;	0.00;	0.06;	0.00;	0.00;	0.00
675;	91848;	91978;	130;	0.22;	-0.98;	9.42;	-0.06;	-0.06;	0.00;	-0.06;	-0.06;	-0.06
676;	91978;	92108;	130;	0.21;	-0.97;	9.45;	0.06;	-0.06;	0.00;	0.06;	-0.06;	0.00
677;	92108;	92246;	138;	0.21;	-1.00;	9.43;	0.13;	-0.19;	0.00;	0.13;	-0.19;	0.00
678;	92246;	92376;	130;	0.21;	-1.00;	9.43;	0.00;	-0.25;	0.06;	0.00;	-0.25;	0.06
679;	92376;	92506;	130;	0.20;	-1.01;	9.42;	0.00;	0.00;	-0.06;	0.00;	0.00;	-0.06
680;	92506;	92634;	128;	0.20;	-1.01;	9.45;	0.00;	-0.25;	-0.06;	0.00;	-0.25;	-0.06
681;	92634;	92762;	128;	0.21;	-0.98;	9.43;	-0.13;	0.13;	0.06;	-0.13;	0.13;	0.06
682;	92762;	92891;	129;	0.20;	-1.02;	9.44;	0.00;	0.13;	-0.13;	-0.06;	0.13;	0.06
683;	92891;	93039;	148;	0.20;	-0.99;	9.42;	0.00;	-0.13;	0.00;	0.00;	-0.13;	0.00
684;	93039;	93188;	149;	0.21;	-0.99;	9.42;	-0.06;	0.06;	-0.19;	-0.06;	0.06;	-0.19
685;	93188;	93317;	129;	0.20;	-1.01;	9.45;	0.06;	0.00;	-0.06;	0.06;	0.00;	-0.06
686;	93317;	93445;	128;	0.21;	-1.01;	9.45;	-0.13;	-0.13;	0.00;	-0.13;	-0.13;	0.00
687;	93445;	93574;	129;	0.20;	-1.00;	9.45;	0.00;	0.06;	-0.06;	0.00;	0.00;	0.06
688;	93574;	93703;	129;	0.20;	-1.00;	9.46;	-0.06;	0.00;	-0.06;	-0.06;	0.00;	-0.06
689;	93703;	93833;	130;	0.20;	-1.01;	9.42;	0.00;	0.00;	0.00;	0.00;	0.00;	0.00
690;	93833;	93971;	138;	0.22;	-1.01;	9.44;	0.00;	-0.25;	-0.06;	0.00;	-0.25;	-0.06
691;	93971;	94099;	128;	0.20;	-1.01;	9.42;	0.00;	0.06;	0.00;	0.00;	0.06;	0.00
692;	94099;	94227;	128;	0.18;	-0.99;	9.45;	-0.13;	0.19;	-0.06;	-0.13;	0.19;	-0.06
693;	94227;	94356;	129;	0.20;	-0.99;	9.44;	0.00;	0.19;	0.06;	0.00;	-0.06;	-0.13
694;	94356;	94486;	130;	0.20;	-1.00;	9.46;	0.06;	-0.19;	0.00;	0.00;	0.00;	-0.06
695;	94486;	94616;	130;	0.20;	-1.00;	9.43;	0.06;	0.00;	0.06;	0.06;	0.00;	0.06
696;	94616;	94753;	137;	0.21;	-1.00;	9.45;	0.06;	-0.13;	0.13;	0.06;	-0.13;	0.13
697;	94753;	94881;	128;	0.20;	-1.00;	9.47;	0.00;	-0.06;	-0.06;	0.00;	-0.06;	-0.06
698;	94881;	95009;	128;	0.20;	-1.01;	9.44;	-0.13;	0.19;	0.06;	0.00;	0.06;	0.00
699;	95009;	95139;	130;	0.22;	-1.00;	9.41;	0.19;	0.00;	0.00;	0.00;	-0.06;	0.00
700;	95139;	95287;	148;	0.21;	-1.00;	9.42;	-0.06;	-0.06;	0.06;	-0.06;	-0.06;	0.06
701;	95287;	95429;	142;	0.21;	-1.01;	9.46;	-0.06;	0.00;	0.00;	-0.06;	0.00;	0.00
702;	95429;	95559;	130;	0.21;	-1.01;	9.42;	0.00;	-0.06;	0.06;	0.00;	-0.06;	0.06
703;	95559;	95731;	172;	0.20;	-1.01;	9.46;	-0.06;	0.06;	0.00;	0.13;	0.25;	0.00
704;	95731;	95861;	130;	0.22;	-0.99;	9.43;	0.00;	0.00;	0.00;	0.00;	0.06;	0.06
705;	95861;	95991;	130;	0.21;	-1.02;	9.45;	0.00;	0.19;	0.00;	-0.13;	0.13;	0.00
706;	95991;	96121;	130;	0.20;	-1.03;	9.43;	-0.06;	-0.06;	0.06;	-0.06;	-0.06;	0.06
707;	96121;	96250;	129;	0.19;	-1.00;	9.42;	0.00;	0.00;	0.06;	0.00;	0.00;	0.06
708;	96250;	96381;	131;	0.20;	-1.01;	9.45;	0.00;	0.00;	0.06;	0.00;	0.00;	0.06
709;	96381;	96520;	139;	0.20;	-1.00;	9.44;	-0.13;	-0.13;	-0.06;	-0.13;	-0.13;	-0.06
710;	96520;	96648;	128;	0.21;	-0.98;	9.41;	0.00;	0.06;	0.00;	0.00;	0.06;	0.00
711;	96648;	96776;	128;	0.18;	-1.01;	9.46;	0.00;	0.06;	0.00;	0.00;	0.06;	0.00
712;	96776;	96905;	129;	0.20;	-1.00;	9.43;	-0.13;	0.19;	-0.13;	-0.06;	0.00;	-0.06
713;	96905;	97035;	130;	0.20;	-1.01;	9.44;	-0.06;	0.00;	0.00;	-0.06;	0.13;	0.00
714;	97035;	97165;	130;	0.21;	-0.99;	9.42;	0.06;	-0.06;	0.00;	0.06;	-0.06;	0.00
715;	97165;	97304;	139;	0.21;	-1.01;	9.46;	0.00;	-0.06;	-0.06;	0.00;	-0.06;	-0.06
716;	97304;	97452;	148;	0.20;	-1.01;	9.40;	0.00;	0.06;	0.00;	0.00;	0.06;	0.00
717;	97452;	97592;	140;	0.22;	-1.01;	9.44;	0.00;	0.13;	-0.06;	0.00;	0.13;	-0.06
718;	97592;	97720;	128;	0.19;	-1.01;	9.43;	-0.06;	-0.06;	-0.06;	-0.06;	-0.06;	-0.06
719;	97720;	97849;	129;	0.22;	-1.01;	9.45;	-0.06;	0.00;	0.00;	0.00;	0.00;	0.06
720;	97849;	97978;	129;	0.21;	-1.00;	9.46;	0.00;	0.06;	0.00;	0.00;	0.06;	0.00
721;	97978;	98108;	130;	0.21;	-1.00;	9.43;	-0.13;	0.06;	-0.06;	-0.13;	0.06;	-0.06
722;	98108;	98247;	139;	0.22;	-1.02;	9.45;	0.00;	-0.06;	-0.06;	0.00;	-0.06;	-0.06
723;	98247;	98378;	131;	0.21;	-1.01;	9.45;	-0.13;	0.13;	-0.06;	-0.13;	0.13;	-0.06
724;	98378;	98506;	128;	0.22;	-1.02;	9.44;	-0.06;	0.00;	-0.06;	-0.06;	0.00;	-0.06
725;	98506;	98634;	128;	0.17;	-0.98;	9.42;	0.00;	-0.06;	0.19;	0.00;	-0.06;	0.19
726;	98634;	98762;	128;	0.20;	-1.01;	9.43;	0.06;	-0.13;	0.00;	0.00;	0.19;	0.00
727;	98762;	98891;	129;	0.21;	-1.01;	9.45;	-0.06;	-0.06;	0.13;	-0.06;	-0.06;	0.13
728;	98891;	99030;	139;	0.20;	-1.01;	9.48;	-0.06;	-0.13;	0.00;	-0.06;	-0.13;	0.00
729;	99030;	99158;	128;	0.21;	-1.02;	9.42;	0.00;	0.13;	-0.06;	0.00;	0.13;	-0.06
730;	99158;	99286;	128;	0.21;	-0.99;	9.43;	0.00;	0.00;	0.00;	0.00;	0.00;	0.00
731;	99286;	99414;	128;	0.21;	-1.01;	9.43;	0.06;	0.00;	-0.06;	0.06;	-0.06;	0.06
732;	99414;	99544;	130;	0.21;	-1.01;	9.44;	0.00;	0.00;	0.06;	0.06;	-0.06;	0.00
733;	99544;	99691;	147;	0.22;	-1.01;	9.44;	0.13;	-0.13;	0.06;	0.13;	-0.13;	0.06
734;	99691;	99840;	149;	0.19;	-1.03;	9.47;	0.00;	0.00;	0.00;	0.00;	0.00;	0.00
735;	99840;	99968;	128;	0.19;	-1.01;	9.43;	0.06;	-0.06;	-0.06;	0.06;	-0.06;	-0.06
736;	99968;	100097;	129;	0.19;	-0.98;	9.47;	-0.06;	-0.06;	-0.06;	-0.06;	0.06;	0.06
737;	100097;	100226;	129;	0.20;	-1.01;	9.43;	-0.06;	0.00;	0.06;	0.00;	0.00;	0.00
738;	100226;	100356;	130;	0.22;	-1.01;	9.44;	0.06;	-0.06;	0.00;	0.06;	-0.06;	0.00
739;	100356;	100486;	130;	0.21;	-1.00;	9.45;	0.06;	0.06;	0.00;	0.06;	0.06;	0.00
740;	100486;	100636;	150;	0.21;	-1.01;	9.44;	0.00;	0.00;	-0.06;	0.00;	0.00;	-0.06
741;	100636;	100764;	128;	0.20;	-1.00;	9.43;	0.06;	0.00;	0.06;	0.06;	0.00;	0.06
742;	100764;	100893;	129;	0.19;	-1.01;	9.46;	0.00;	0.06;	0.00;	0.00;	0.06;	0.00
743;	100893;	101021;	128;	0.21;	-0.99;	9.42;	-0.13;	0.00;	-0.06;	-0.13;	0.00;	-0.06
744;	101021;	101150;	129;	0.19;	-1.00;	9.45;	0.13;	0.19;	-0.06;	0.00;	0.25;	-0.13
745;	101150;	101280;	130;	0.21;	-1.01;	9.45;	-0.06;	-0.13;	-0.06;	0.06;	0.06;	0.00
746;	101280;	101410;	130;	0.19;	-1.01;	9.41;	0.00;	0.06;	-0.13;	0.06;	-0.13;	0.00
747;	101410;	101548;	138;	0.20;	-1.02;	9.44;	0.00;	0.06;	0.06;	0.00;	0.06;	0.06
748;	101548;	101678;	130;	0.19;	-1.01;	9.43;	-0.06;	0.00;	0.06;	-0.06;	0.00;	0.06
749;	101678;	101826;	148;	0.19;	-1.01;	9.42;	0.00;	0.00;	0.06;	0.00;	0.00;	0.06
750;	101826;	101954;	128;	0.20;	-0.98;	9.43;	0.00;	0.13;	0.00;	0.00;	0.13;	0.00
751;	101954;	102095;	141;	0.22;	-1.01;	9.42;	-0.06;	-0.06;	-0.06;	-0.06;	-0.06;	-0.06
752;	102095;	102224;	129;	0.19;	-1.03;	9.42;	0.00;	0.06;	-0.06;	0.00;	0.13;	-0.13
753;	102224;	102362;	138;	0.20;	-1.01;	9.44;	0.00;	0.00;	0.00;	0.00;	0.00;	0.00
754;	102362;	102493;	131;	0.21;	-1.01;	9.44;	-0.06;	0.13;	-0.06;	-0.06;	0.13;	-0.06
755;	102493;	102622;	129;	0.20;	-1.00;	9.39;	0.13;	0.00;	-0.06;	0.13;	0.00;	-0.06
756;	102622;	102752;	130;	0.19;	-1.00;	9.45;	0.06;	0.00;	-0.13;	0.06;	0.00;	-0.13
757;	102752;	102882;	130;	0.20;	-1.01;	9.42;	0.06;	0.13;	-0.13;	0.06;	0.13;	-0.13
758;	102882;	103011;	129;	0.19;	-1.00;	9.47;	-0.06;	0.00;	-0.06;	-0.06;	0.00;	-0.06
759;	103011;	103147;	136;	0.20;	-1.02;	9.43;	-0.06;	-0.06;	-0.06;	0.06;	-0.06;	-0.06
760;	103147;	103277;	130;	0.20;	-0.99;	9.42;	0.00;	-0.19;	0.06;	0.00;	-0.06;	0.19
761;	103277;	103407;	130;	0.22;	-1.01;	9.46;	-0.06;	0.00;	0.00;	0.00;	-0.19;	0.06
762;	103407;	103537;	130;	0.19;	-1.02;	9.42;	0.06;	0.00;	-0.06;	0.06;	0.00;	-0.06
763;	103537;	103668;	131;	0.19;	-1.02;	9.45;	-0.06;	-0.13;	0.06;	-0.06;	0.06;	-0.06
764;	103668;	103798;	130;	0.22;	-1.00;	9.45;	-0.06;	-0.06;	0.06;	-0.06;	-0.06;	0.06
765;	103798;	103935;	137;	0.20;	-1.01;	9.43;	-0.06;	0.00;	0.00;	-0.06;	0.00;	0.00
766;	103935;	104080;	145;	0.19;	-1.01;	9.42;	-0.06;	0.06;	-0.13;	-0.06;	0.13;	-0.13
767;	104080;	104222;	142;	0.20;	-1.00;	9.43;	0.06;	0.00;	0.00;	0.06;	0.00;	0.00
768;	104222;	104351;	129;	0.20;	-1.00;	9.43;	-0.13;	0.13;	-0.06;	0.06;	0.06;	0.00
769;	104351;	104480;	129;	0.20;	-1.00;	9.40;	-0.06;	0.00;	-0.06;	-0.06;	0.00;	-0.06
770;	104480;	104610;	130;	0.21;	-0.99;	9.43;	0.00;	0.13;	0.00;	0.00;	0.13;	0.00
771;	104610;	104749;	139;	0.18;	-1.01;	9.41;	0.00;	0.00;	0.06;	0.00;	0.00;	0.06
772;	104749;	104877;	128;	0.20;	-1.00;	9.43;	-0.06;	0.00;	0.06;	-0.06;	0.00;	0.06
773;	104877;	105005;	128;	0.21;	-1.02;	9.45;	0.06;	0.06;	0.00;	0.06;	0.06;	0.00
774;	105005;	105134;	129;	0.20;	-1.00;	9.44;	0.06;	-0.06;	0.00;	0.00;	0.06;	0.00
775;	105134;	105264;	130;	0.18;	-1.02;	9.46;	-0.13;	-0.06;	-0.06;	-0.13;	-0.06;	0.00
776;	105264;	105394;	130;	0.22;	-1.00;	9.45;	-0.06;	-0.19;	-0.19;	-0.13;	-0.06;	0.06
777;	105394;	105533;	139;	0.21;	-1.03;	9.44;	0.00;	-0.13;	-0.06;	0.00;	-0.13;	-0.06
778;	105533;	105664;	131;	0.19;	-1.00;	9.44;	0.00;	0.13;	0.00;	0.00;	0.13;	0.00
779;	105664;	105795;	131;	0.20;	-1.00;	9.44;	0.00;	0.00;	0.13;	0.00;	-0.06;	0.00
780;	105795;	105925;	130;	0.20;	-1.00;	9.43;	-0.06;	-0.06;	-0.06;	-0.06;	-0.06;	-0.06
781;	105925;	106056;	131;	0.22;	-1.03;	9.48;	-0.06;	0.00;	0.00;	-0.06;	0.00;	0.00
782;	106056;	106203;	147;	0.21;	-1.01;	9.45;	0.00;	0.00;	-0.06;	0.00;	0.00;	-0.06
783;	106203;	106339;	136;	0.20;	-1.01;	9.42;	-0.06;	-0.06;	-0.06;	-0.06;	-0.06;	-0.06
784;	106339;	106479;	140;	0.17;	-1.01;	9.42;	0.13;	0.06;	-0.06;	-0.06;	0.00;	-0.06
785;	106479;	106608;	129;	0.19;	-1.01;	9.44;	0.06;	-0.06;	0.00;	0.06;	-0.06;	0.00
786;	106608;	106738;	130;	0.20;	-0.99;	9.44;	-0.06;	0.00;	-0.06;	-0.06;	0.00;	-0.06
787;	106738;	106868;	130;	0.20;	-1.00;	9.44;	0.06;	0.19;	-0.06;	0.06;	0.19;	-0.06
788;	106868;	106999;	131;	0.21;	-1.01;	9.41;	0.06;	-0.19;	0.06;	0.06;	-0.19;	0.06
789;	106999;	107129;	130;	0.19;	-1.01;	9.43;	-0.06;	0.13;	0.00;	-0.06;	0.13;	0.00
790;	107129;	107300;	171;	0.21;	-1.00;	9.42;	0.06;	-0.19;	0.06;	0.06;	-0.19;	0.06
791;	107300;	107430;	130;	0.21;	-1.02;	9.45;	-0.06;	0.00;	0.06;	-0.06;	0.00;	0.06
792;	107430;	107560;	130;	0.19;	-0.99;	9.43;	-0.13;	0.06;	-0.06;	-0.13;	0.06;	-0.06
793;	107560;	107688;	128;	0.21;	-1.02;	9.43;	-0.13;	-0.06;	0.00;	-0.13;	-0.06;	0.00
794;	107688;	107817;	129;	0.19;	-1.01;	9.43;	0.00;	0.13;	0.00;	0.00;	0.13;	0.00
795;	107817;	107945;	128;	0.20;	-0.99;	9.45;	0.00;	0.00;	-0.13;	0.00;	0.00;	-0.13
796;	107945;	108082;	137;	0.20;	-1.01;	9.43;	0.00;	0.00;	0.13;	0.00;	0.00;	0.13
797;	108082;	108213;	131;	0.19;	-1.01;	9.44;	-0.06;	0.06;	-0.06;	-0.06;	0.06;	-0.06
798;	108213;	108342;	129;	0.22;	-1.01;	9.43;	0.00;	-0.06;	0.00;	0.00;	-0.06;	0.00
799;	108342;	108505;	163;	0.21;	-1.00;	9.42;	0.06;	0.06;	0.00;	0.00;	0.06;	0.00
800;	108505;	108635;	130;	0.20;	-1.02;	9.45;	0.00;	-0.06;	0.06;	-0.06;	0.00;	0.00
801;	108635;	108776;	141;	0.19;	-0.99;	9.42;	-0.06;	-0.06;	0.00;	-0.06;	0.13;	-0.06
802;	108776;	108914;	138;	0.22;	-1.00;	9.43;	0.06;	0.00;	-0.13;	0.06;	0.00;	-0.13
803;	108914;	109042;	128;	0.21;	-1.01;	9.45;	0.00;	0.13;	-0.06;	0.00;	0.13;	-0.06
804;	109042;	109170;	128;	0.21;	-1.01;	9.43;	0.06;	-0.06;	0.13;	0.06;	-0.06;	0.13
805;	109170;	109298;	128;	0.19;	-1.00;	9.43;	0.00;	0.13;	-0.06;	0.06;	0.06;	0.00
806;	109298;	109428;	130;	0.18;	-1.00;	9.43;	-0.13;	0.00;	0.13;	-0.06;	-0.13;	0.06
807;	109428;	109558;	130;	0.19;	-1.01;	9.43;	0.13;	-0.13;	0.13;	0.00;	0.00;	-0.06
808;	109558;	109715;	157;	0.23;	-0.99;	9.43;	0.06;	0.00;	0.00;	0.06;	0.00;	0.00
809;	109715;	109848;	133;	0.21;	-1.00;	9.41;	-0.13;	0.00;	0.00;	-0.13;	0.00;	0.00
810;	109848;	109984;	136;	0.19;	-1.02;	9.43;	0.06;	-0.06;	-0.06;	0.06;	-0.06;	-0.06
811;	109984;	110117;	133;	0.22;	-0.99;	9.43;	0.00;	-0.06;	0.00;	0.00;	-0.06;	0.00
812;	110117;	110250;	133;	0.21;	-1.00;	9.43;	-0.06;	0.00;	-0.13;	-0.06;	0.00;	-0.13
813;	110250;	110386;	136;	0.20;	-1.02;	9.47;	0.00;	-0.06;	-0.06;	0.00;	-0.06;	-0.06
814;	110386;	110527;	141;	0.19;	-1.01;	9.46;	0.00;	0.00;	-0.06;	0.00;	0.00;	-0.06
815;	110527;	110678;	151;	0.21;	-0.99;	9.45;	0.06;	-0.06;	0.00;	0.06;	-0.06;	0.00
816;	110678;	110811;	133;	0.22;	-1.01;	9.44;	0.06;	0.06;	0.06;	0.06;	0.06;	0.06
817;	110811;	110959;	148;	0.18;	-1.02;	9.44;	-0.13;	0.06;	0.00;	-0.13;	0.06;	0.00
818;	110959;	111092;	133;	0.20;	-1.02;	9.41;	-0.06;	0.06;	0.06;	-0.06;	0.06;	0.06
819;	111092;	111228;	136;	0.21;	-0.99;	9.42;	-0.06;	-0.13;	0.06;	-0.06;	-0.13;	0.06
820;	111228;	111369;	141;	0.20;	-1.02;	9.43;	0.06;	0.13;	0.06;	0.06;	0.13;	0.06
821;	111369;	111502;	133;	0.22;	-1.00;	9.41;	-0.06;	0.00;	0.00;	-0.06;	0.00;	0.00
822;	111502;	111637;	135;	0.20;	-1.00;	9.44;	0.00;	-0.13;	0.06;	-0.13;	-0.06;	0.13
823;	111637;	111772;	135;	0.19;	-1.00;	9.42;	-0.06;	0.06;	-0.06;	-0.06;	0.06;	-0.06
824;	111772;	111905;	133;	0.21;	-1.00;	9.41;	0.00;	0.00;	0.00;	0.00;	0.00;	0.00
825;	111905;	112041;	136;	0.19;	-1.01;	9.44;	-0.13;	0.00;	-0.13;	-0.13;	0.00;	-0.13
826;	112041;	112182;	141;	0.19;	-0.99;	9.43;	-0.06;	-0.13;	0.00;	-0.06;	-0.13;	0.00
827;	112182;	112315;	133;	0.22;	-1.00;	9.45;	0.00;	0.00;	0.00;	0.00;	0.00;	0.00
828;	112315;	112450;	135;	0.18;	-1.01;	9.46;	-0.06;	0.00;	0.06;	0.00;	-0.13;	0.00
829;	112450;	112585;	135;	0.19;	-1.02;	9.43;	-0.06;	0.00;	0.19;	-0.06;	0.00;	0.19
830;	112585;	112719;	134;	0.21;	-1.02;	9.45;	0.00;	0.13;	0.00;	0.00;	0.00;	0.06
831;	112719;	112855;	136;	0.21;	-1.00;	9.42;	0.06;	0.06;	-0.06;	0.06;	0.06;	-0.06
832;	112855;	113006;	151;	0.19;	-1.01;	9.45;	-0.06;	0.06;	0.00;	-0.06;	0.06;	0.00
833;	113006;	113147;	141;	0.20;	-1.01;	9.44;	0.00;	-0.06;	0.00;	0.00;	-0.06;	0.00
834;	113147;	113292;	145;	0.21;	-1.01;	9.43;	-0.06;	0.06;	-0.06;	-0.06;	0.00;	-0.06
835;	113292;	113427;	135;	0.18;	-1.02;	9.45;	0.06;	0.00;	0.13;	0.06;	0.00;	0.13
836;	113427;	113560;	133;	0.20;	-1.00;	9.42;	0.00;	-0.13;	0.13;	0.00;	-0.13;	0.13
837;	113560;	113696;	136;	0.20;	-1.00;	9.42;	-0.13;	0.19;	-0.06;	-0.13;	0.19;	-0.06
838;	113696;	113829;	133;	0.20;	-1.02;	9.44;	0.06;	0.06;	-0.06;	0.06;	0.06;	-0.06
839;	113829;	113970;	141;	0.20;	-0.99;	9.43;	0.13;	-0.19;	-0.06;	0.13;	-0.19;	-0.06
840;	113970;	114104;	134;	0.21;	-1.01;	9.43;	0.00;	-0.06;	-0.13;	0.00;	0.25;	0.00
841;	114104;	114239;	135;	0.20;	-0.99;	9.43;	0.06;	0.06;	-0.13;	0.06;	0.06;	-0.13
842;	114239;	114372;	133;	0.20;	-1.01;	9.43;	0.00;	0.00;	0.06;	0.00;	0.00;	0.06
843;	114372;	114507;	135;	0.20;	-1.01;	9.42;	0.06;	-0.06;	0.06;	0.00;	0.06;	-0.06
844;	114507;	114641;	134;	0.20;	-1.02;	9.44;	0.00;	-0.06;	0.19;	0.00;	-0.06;	0.19
845;	114641;	114782;	141;	0.20;	-1.01;	9.46;	0.00;	-0.19;	0.00;	0.00;	-0.19;	0.00
846;	114782;	114915;	133;	0.19;	-1.01;	9.40;	0.00;	-0.06;	0.06;	0.00;	-0.06;	0.06
847;	114915;	115051;	136;	0.20;	-0.99;	9.44;	-0.06;	-0.19;	0.00;	-0.06;	-0.19;	0.00
848;	115051;	115202;	151;	0.20;	-1.01;	9.44;	0.06;	0.00;	0.00;	0.06;	0.00;	0.00
849;	115202;	115335;	133;	0.17;	-1.01;	9.45;	0.06;	0.13;	-0.06;	0.06;	0.13;	-0.06
850;	115335;	115468;	133;	0.21;	-1.01;	9.41;	0.00;	0.13;	0.00;	0.00;	0.13;	0.00
851;	115468;	115622;	154;	0.20;	-1.02;	9.42;	0.00;	0.00;	0.06;	0.00;	0.00;	0.06
852;	115622;	115756;	134;	0.20;	-1.00;	9.44;	-0.06;	0.06;	-0.06;	-0.06;	0.06;	-0.06
853;	115756;	115890;	134;	0.20;	-1.01;	9.45;	0.00;	0.06;	-0.06;	0.00;	0.06;	-0.06
854;	115890;	116025;	135;	0.21;	-1.00;	9.44;	-0.06;	0.13;	-0.13;	-0.06;	0.13;	-0.13
855;	116025;	116158;	133;	0.21;	-1.01;	9.46;	0.00;	-0.06;	0.13;	0.00;	-0.06;	0.13
856;	116158;	116293;	135;	0.20;	-1.00;	9.43;	-0.06;	-0.19;	0.06;	-0.06;	0.06;	0.00
857;	116293;	116436;	143;	0.18;	-1.01;	9.44;	0.00;	0.00;	0.06;	0.00;	0.00;	0.06
858;	116436;	116569;	133;	0.19;	-1.03;	9.43;	-0.06;	0.06;	-0.06;	-0.06;	0.06;	-0.06
859;	116569;	116703;	134;	0.20;	-0.98;	9.43;	0.00;	0.00;	0.00;	0.06;	0.06;	0.06
860;	116703;	116838;	135;	0.20;	-1.01;	9.43;	0.00;	-0.06;	0.00;	0.00;	-0.06;	0.00
861;	116838;	116971;	133;	0.21;	-1.00;	9.43;	-0.06;	-0.25;	0.13;	-0.06;	-0.25;	0.13
862;	116971;	117106;	135;	0.21;	-1.00;	9.45;	0.06;	0.00;	-0.06;	0.06;	0.06;	-0.13
863;	117106;	117248;	142;	0.20;	-1.01;	9.45;	0.00;	0.00;	0.00;	0.00;	0.00;	0.00
864;	117248;	117382;	134;	0.20;	-1.00;	9.45;	-0.13;	-0.06;	-0.06;	-0.13;	-0.06;	-0.06
865;	117382;	117533;	151;	0.19;	-1.01;	9.43;	0.13;	0.06;	0.00;	0.13;	0.06;	0.00
866;	117533;	117668;	135;	0.21;	-0.99;	9.45;	0.06;	-0.06;	-0.06;	0.06;	-0.06;	0.00
867;	117668;	117813;	145;	0.20;	-1.01;	9.44;	0.19;	0.00;	-0.06;	0.19;	0.00;	-0.06
868;	117813;	117947;	134;	0.22;	-1.01;	9.43;	0.19;	-0.13;	0.00;	0.19;	-0.13;	0.00
869;	117947;	118082;	135;	0.18;	-1.00;	9.44;	0.13;	-0.19;	0.06;	0.13;	-0.19;	0.06
870;	118082;	118223;	141;	0.22;	-1.01;	9.43;	0.00;	0.00;	-0.06;	0.00;	0.00;	-0.06
871;	118223;	118356;	133;	0.18;	-1.00;	9.44;	-0.13;	-0.13;	0.06;	-0.13;	-0.13;	0.06
872;	118356;	118490;	134;	0.19;	-1.00;	9.41;	-0.06;	0.06;	0.13;	0.06;	0.06;	-0.06
873;	118490;	118625;	135;	0.19;	-1.02;	9.42;	0.06;	-0.06;	-0.06;	0.06;	-0.06;	-0.06
874;	118625;	118758;	133;	0.19;	-1.01;	9.43;	-0.06;	-0.06;	0.06;	-0.06;	-0.06;	0.06
875;	118758;	118893;	135;	0.21;	-1.01;	9.44;	0.06;	0.06;	0.00;	0.06;	0.06;	0.00
876;	118893;	119067;	174;	0.19;	-1.00;	9.44;	0.00;	0.13;	0.00;	0.00;	0.13;	0.00
877;	119067;	119200;	133;	0.20;	-1.00;	9.46;	0.06;	0.00;	-0.06;	0.06;	0.00;	-0.06
878;	119200;	119333;	133;	0.21;	-1.01;	9.42;	-0.06;	-0.06;	-0.06;	0.00;	0.13;	-0.06
879;	119333;	119468;	135;	0.19;	-1.00;	9.44;	-0.06;	-0.06;	-0.13;	-0.06;	-0.06;	-0.13
880;	119468;	119601;	133;	0.22;	-1.02;	9.44;	-0.06;	0.00;	0.00;	-0.06;	0.00;	0.00
881;	119601;	119751;	150;	0.20;	-1.00;	9.45;	0.00;	0.00;	0.00;	0.00;	0.00;	0.00
882;	119751;	119892;	141;	0.20;	-0.99;	9.43;	-0.06;	-0.06;	0.00;	-0.06;	-0.06;	0.00
883;	119892;	120028;	136;	0.20;	-1.00;	9.43;	-0.06;	-0.06;	0.06;	-0.06;	-0.06;	0.06
884;	120028;	120172;	144;	0.21;	-1.01;	9.43;	-0.06;	0.19;	-0.06;	-0.06;	0.19;	-0.06
885;	120172;	120307;	135;	0.18;	-1.02;	9.45;	0.00;	0.00;	0.00;	0.06;	0.00;	0.00
886;	120307;	120441;	134;	0.20;	-1.01;	9.43;	0.00;	-0.19;	-0.06;	0.00;	-0.19;	-0.06
887;	120441;	120574;	133;	0.19;	-1.03;	9.43;	0.00;	0.06;	0.06;	0.00;	0.06;	0.06
888;	120574;	120717;	143;	0.21;	-1.01;	9.46;	-0.06;	0.00;	0.00;	0.00;	0.13;	-0.19
889;	120717;	120852;	135;	0.21;	-1.00;	9.45;	0.06;	-0.19;	0.00;	0.06;	-0.19;	0.00
890;	120852;	120985;	133;	0.20;	-1.01;	9.42;	0.00;	0.00;	-0.06;	0.00;	0.00;	-0.06
891;	120985;	121120;	135;	0.23;	-1.03;	9.45;	-0.06;	0.06;	0.06;	0.06;	-0.19;	0.00
892;	121120;	121254;	134;	0.20;	-1.01;	9.44;	0.00;	-0.06;	0.06;	0.00;	-0.06;	0.06
893;	121254;	121387;	133;	0.20;	-0.99;	9.42;	0.00;	0.06;	-0.13;	0.00;	0.06;	-0.13
894;	121387;	121531;	144;	0.21;	-1.01;	9.42;	0.06;	0.06;	-0.06;	0.06;	-0.13;	0.06
895;	121531;	121666;	135;	0.21;	-1.01;	9.46;	-0.06;	0.00;	0.06;	-0.06;	0.00;	0.06
896;	121666;	121799;	133;	0.20;	-0.98;	9.43;	0.06;	-0.13;	-0.13;	0.06;	-0.13;	-0.13
897;	121799;	121935;	136;	0.20;	-1.02;	9.43;	0.06;	0.13;	-0.13;	0.06;	0.13;	-0.13
898;	121935;	122085;	150;	0.19;	-1.00;	9.44;	0.06;	-0.06;	0.06;	0.06;	-0.06;	0.06
899;	122085;	122219;	134;	0.20;	-0.99;	9.45;	0.06;	-0.06;	-0.13;	0.06;	-0.06;	-0.13
900;	122219;	122374;	155;	0.20;	-1.02;	9.43;	-0.06;	0.00;	-0.06;	0.06;	-0.06;	0.00
901;	122374;	122508;	134;	0.20;	-0.99;	9.45;	0.00;	-0.06;	0.00;	0.00;	-0.06;	0.00
902;	122508;	122641;	133;	0.22;	-1.03;	9.44;	-0.13;	0.06;	-0.13;	-0.13;	0.06;	-0.13
903;	122641;	122776;	135;	0.20;	-1.01;	9.43;	0.00;	0.06;	0.00;	0.00;	0.06;	0.00
904;	122776;	122910;	134;	0.21;	-1.02;	9.41;	0.06;	-0.19;	0.00;	0.06;	-0.19;	0.00
905;	122910;	123043;	133;	0.21;	-1.02;	9.41;	0.00;	0.25;	0.00;	0.00;	0.25;	0.00
906;	123043;	123179;	136;	0.19;	-1.01;	9.41;	-0.06;	0.00;	0.00;	-0.06;	0.00;	0.00
907;	123179;	123308;	129;	0.21;	-1.03;	9.41;	0.06;	0.00;	-0.06;	0.06;	0.00;	-0.06
908;	123308;	123442;	134;	0.21;	-1.01;	9.41;	0.00;	0.00;	0.00;	0.00;	0.00;	0.00
909;	123442;	123575;	133;	0.20;	-1.01;	9.48;	0.00;	0.00;	0.06;	0.00;	0.00;	0.06
910;	123575;	123710;	135;	0.21;	-1.01;	9.44;	-0.06;	0.13;	0.06;	-0.06;	0.13;	0.06
911;	123710;	123844;	134;	0.21;	-1.01;	9.43;	-0.13;	0.00;	0.00;	-0.13;	0.00;	0.00
912;	123844;	123977;	133;	0.19;	-1.01;	9.46;	-0.13;	-0.06;	0.00;	-0.13;	-0.06;	0.00
913;	123977;	124121;	144;	0.21;	-1.00;	9.45;	0.00;	0.00;	0.00;	0.00;	0.00;	0.00
914;	124121;	124255;	134;	0.21;	-0.98;	9.43;	0.06;	-0.06;	-0.06;	0.06;	-0.06;	-0.06
915;	124255;	124405;	150;	0.17;	-1.01;	9.43;	-0.06;	-0.06;	0.00;	-0.06;	-0.06;	0.00
916;	124405;	124538;	133;	0.20;	-1.01;	9.44;	0.06;	0.13;	0.06;	0.06;	0.13;	0.06
917;	124538;	124673;	135;	0.19;	-1.00;	9.43;	0.00;	0.13;	0.13;	0.00;	0.13;	0.13
918;	124673;	124818;	145;	0.21;	-1.01;	9.43;	0.00;	0.00;	0.00;	0.00;	0.00;	0.00
919;	124818;	124972;	154;	0.21;	-1.00;	9.41;	0.06;	-0.06;	0.06;	0.06;	-0.06;	0.06
920;	124972;	125107;	135;	0.19;	-1.02;	9.44;	0.00;	-0.06;	0.06;	0.00;	-0.06;	0.06
921;	125107;	125240;	133;	0.22;	-1.02;	9.44;	0.06;	-0.06;	0.06;	0.06;	-0.06;	0.06
922;	125240;	125375;	135;	0.19;	-1.01;	9.46;	0.00;	-0.06;	0.06;	0.13;	-0.13;	0.06
923;	125375;	125509;	134;	0.21;	-0.99;	9.43;	0.00;	0.00;	-0.06;	0.00;	0.00;	-0.06
924;	125509;	125642;	133;	0.20;	-1.01;	9.45;	0.00;	-0.06;	0.06;	0.00;	-0.06;	0.06
925;	125642;	125786;	144;	0.19;	-1.01;	9.44;	-0.06;	0.06;	-0.06;	0.00;	0.13;	-0.06
926;	125786;	125921;	135;	0.19;	-1.01;	9.45;	-0.06;	0.00;	-0.06;	-0.06;	0.00;	-0.06
927;	125921;	126054;	133;	0.20;	-1.02;	9.44;	0.00;	0.06;	0.19;	0.00;	0.06;	0.19
928;	126054;	126190;	136;	0.21;	-0.99;	9.43;	-0.06;	-0.06;	0.00;	-0.06;	-0.06;	0.00
929;	126190;	126323;	133;	0.20;	-1.01;	9.44;	0.06;	-0.25;	0.00;	0.06;	-0.25;	0.00
930;	126323;	126456;	133;	0.21;	-1.01;	9.43;	-0.06;	-0.06;	-0.06;	-0.06;	-0.06;	-0.06
931;	126456;	126617;	161;	0.19;	-1.01;	9.43;	-0.06;	0.00;	-0.13;	-0.06;	0.00;	-0.13
932;	126617;	126753;	136;	0.20;	-1.01;	9.41;	-0.06;	-0.06;	0.06;	-0.06;	-0.06;	0.06
933;	126753;	126886;	133;	0.21;	-1.01;	9.44;	0.00;	-0.06;	0.00;	0.00;	-0.06;	0.00
934;	126886;	127032;	146;	0.22;	-1.01;	9.43;	0.00;	0.19;	0.06;	0.00;	0.19;	0.06
935;	127032;	127166;	134;	0.23;	-1.00;	9.43;	-0.06;	0.00;	0.00;	-0.06;	0.00;	0.00
936;	127166;	127299;	133;	0.21;	-1.00;	9.45;	-0.19;	0.13;	0.00;	-0.19;	0.13;	0.00
937;	127299;	127443;	144;	0.21;	-1.00;	9.45;	-0.06;	0.06;	-0.06;	-0.06;	0.06;	-0.06
938;	127443;	127577;	134;	0.20;	-1.01;	9.45;	0.00;	0.00;	-0.13;	0.00;	0.00;	-0.13
939;	127577;	127710;	133;	0.20;	-1.00;	9.44;	-0.06;	-0.13;	0.00;	-0.06;	-0.13;	0.00
940;	127710;	127846;	136;	0.20;	-1.01;	9.44;	0.00;	0.19;	-0.06;	0.00;	0.19;	-0.06
941;	127846;	127979;	133;	0.21;	-1.02;	9.45;	-0.06;	0.00;	-0.13;	-0.06;	0.00;	-0.13
942;	127979;	128112;	133;	0.20;	-1.01;	9.43;	0.00;	0.00;	0.06;	0.00;	0.00;	0.06
943;	128112;	128256;	144;	0.20;	-1.01;	9.45;	0.06;	-0.06;	-0.06;	0.06;	-0.06;	-0.06
944;	128256;	128390;	134;	0.22;	-0.99;	9.44;	0.06;	0.06;	0.06;	0.06;	0.06;	0.06
945;	128390;	128523;	133;	0.21;	-1.01;	9.42;	0.00;	-0.13;	-0.06;	0.00;	-0.13;	-0.06
946;	128523;	128659;	136;	0.19;	-1.00;	9.44;	-0.13;	-0.06;	0.00;	-0.13;	-0.06;	0.00
947;	128659;	128792;	133;	0.20;	-1.02;	9.45;	0.00;	-0.06;	0.06;	0.00;	-0.06;	0.06
948;	128792;	128943;	151;	0.22;	-1.02;	9.46;	-0.13;	0.13;	0.00;	-0.13;	0.13;	0.00
949;	128943;	129077;	134;	0.18;	-1.00;	9.42;	0.06;	0.00;	-0.06;	0.06;	0.13;	-0.06
950;	129077;	129220;	143;	0.20;	-1.00;	9.41;	0.06;	0.13;	0.00;	0.06;	0.13;	0.00
951;	129220;	129365;	145;	0.22;	-1.02;	9.41;	0.00;	0.00;	-0.06;	0.00;	0.00;	-0.06
952;	129365;	129500;	135;	0.21;	-1.01;	9.46;	0.06;	0.13;	0.00;	0.06;	0.13;	0.00
953;	129500;	129634;	134;	0.20;	-1.02;	9.46;	0.00;	0.00;	-0.06;	0.00;	0.00;	-0.06
954;	129634;	129767;	133;	0.19;	-1.00;	9.41;	0.00;	-0.19;	0.00;	0.00;	-0.19;	0.00
955;	129767;	129903;	136;	0.21;	-1.01;	9.45;	0.00;	0.06;	0.06;	0.00;	0.06;	0.06
956;	129903;	130045;	142;	0.21;	-1.01;	9.45;	0.00;	0.13;	0.06;	0.00;	0.13;	0.06
957;	130045;	130178;	133;	0.21;	-0.99;	9.46;	0.00;	0.13;	0.00;	0.00;	0.13;	0.00
958;	130178;	130313;	135;	0.19;	-1.00;	9.41;	0.13;	-0.13;	0.06;	0.00;	-0.06;	0.00
959;	130313;	130447;	134;	0.20;	-1.00;	9.45;	0.00;	-0.06;	-0.13;	0.00;	-0.06;	-0.13
960;	130447;	130580;	133;	0.20;	-0.99;	9.44;	0.00;	-0.06;	0.00;	0.00;	-0.06;	0.00
961;	130580;	130716;	136;	0.19;	-1.00;	9.45;	0.00;	0.06;	0.00;	0.00;	0.06;	0.00
962;	130716;	130891;	175;	0.21;	-1.01;	9.44;	-0.06;	0.00;	-0.13;	-0.06;	0.00;	-0.13
963;	130891;	131024;	133;	0.19;	-0.99;	9.43;	-0.06;	0.06;	0.00;	0.00;	0.00;	-0.06
964;	131024;	131177;	153;	0.22;	-1.00;	9.43;	-0.06;	-0.06;	-0.06;	-0.06;	-0.06;	-0.06
965;	131177;	131311;	134;	0.21;	-1.01;	9.42;	-0.06;	0.06;	0.00;	-0.06;	0.06;	0.00
966;	131311;	131445;	134;	0.22;	-1.00;	9.43;	-0.13;	0.00;	0.06;	-0.13;	0.00;	0.06
967;	131445;	131580;	135;	0.20;	-1.01;	9.43;	0.06;	0.00;	0.00;	0.06;	0.00;	0.00
968;	131580;	131748;	168;	0.20;	-0.99;	9.43;	0.00;	0.00;	0.06;	0.06;	-0.13;	0.00
969;	131748;	131882;	134;	0.19;	-0.99;	9.41;	0.06;	0.06;	0.00;	0.06;	0.06;	0.00
970;	131882;	132015;	133;	0.20;	-1.02;	9.44;	-0.06;	0.00;	-0.06;	-0.06;	0.00;	-0.06
971;	132015;	132150;	135;	0.20;	-1.01;	9.43;	0.13;	0.13;	0.06;	0.13;	0.13;	0.06
972;	132150;	132284;	134;	0.20;	-1.00;	9.44;	-0.06;	0.19;	-0.13;	-0.06;	0.19;	-0.13
973;	132284;	132417;	133;	0.22;	-0.99;	9.44;	0.06;	0.00;	0.00;	0.06;	0.00;	0.00
974;	132417;	132561;	144;	0.20;	-0.99;	9.44;	0.06;	0.00;	0.00;	0.06;	0.00;	0.00
975;	132561;	132695;	134;	0.20;	-1.01;	9.46;	-0.06;	0.00;	-0.06;	-0.06;	0.00;	-0.06
976;	132695;	132828;	133;	0.21;	-1.01;	9.41;	0.00;	0.06;	-0.06;	0.00;	0.06;	-0.06
977;	132828;	132964;	136;	0.19;	-1.03;	9.44;	0.00;	-0.06;	0.00;	0.00;	-0.06;	0.00
978;	132964;	133097;	133;	0.20;	-1.01;	9.46;	-0.06;	-0.06;	0.06;	-0.06;	-0.06;	0.06
979;	133097;	133230;	133;	0.20;	-1.01;	9.43;	-0.06;	0.00;	-0.06;	-0.06;	0.00;	-0.06
980;	133230;	133374;	144;	0.19;	-1.01;	9.44;	0.00;	-0.19;	-0.06;	0.00;	-0.19;	-0.06
981;	133374;	133526;	152;	0.20;	-1.01;	9.45;	0.00;	0.06;	0.06;	0.00;	0.06;	0.06
982;	133526;	133659;	133;	0.20;	-1.01;	9.43;	0.06;	-0.06;	0.00;	0.06;	-0.06;	0.00
983;	133659;	133792;	133;	0.19;	-1.01;	9.41;	0.00;	-0.06;	-0.06;	0.00;	-0.06;	-0.06
984;	133792;	133940;	148;	0.21;	-1.01;	9.43;	-0.13;	0.00;	-0.06;	-0.13;	0.00;	-0.06
985;	133940;	134073;	133;	0.21;	-1.01;	9.43;	0.00;	0.00;	-0.13;	0.00;	0.00;	-0.13
986;	134073;	134209;	136;	0.22;	-1.01;	9.46;	-0.13;	0.19;	-0.13;	-0.13;	0.19;	-0.13
987;	134209;	134350;	141;	0.20;	-0.99;	9.47;	0.06;	0.00;	-0.06;	0.06;	0.00;	-0.06
988;	134350;	134483;	133;	0.19;	-1.00;	9.44;	0.06;	0.00;	0.00;	0.06;	0.00;	0.00
989;	134483;	134618;	135;	0.20;	-0.99;	9.44;	-0.06;	0.13;	-0.13;	0.06;	0.13;	-0.13
990;	134618;	134753;	135;	0.20;	-1.02;	9.43;	-0.06;	0.06;	-0.06;	-0.06;	0.06;	-0.06
991;	134753;	134886;	133;	0.18;	-0.99;	9.40;	0.00;	-0.06;	-0.13;	0.00;	-0.06;	-0.13
992;	134886;	135022;	136;	0.18;	-1.00;	9.42;	0.00;	0.06;	0.00;	0.00;	0.06;	0.00
993;	135022;	135163;	141;	0.22;	-1.00;	9.45;	0.06;	0.06;	-0.06;	0.06;	0.06;	-0.06
994;	135163;	135296;	133;	0.20;	-0.99;	9.44;	0.06;	0.06;	0.06;	0.06;	0.06;	0.06
995;	135296;	135431;	135;	0.18;	-1.01;	9.43;	0.06;	-0.13;	0.00;	0.00;	0.00;	0.06
996;	135431;	135566;	135;	0.21;	-1.00;	9.43;	0.00;	0.00;	0.00;	0.00;	0.00;	0.00
997;	135566;	135718;	152;	0.22;	-1.01;	9.44;	0.00;	0.00;	-0.06;	0.00;	0.00;	-0.06
998;	135718;	135853;	135;	0.22;	-1.02;	9.43;	-0.06;	0.06;	-0.06;	-0.06;	0.06;	-0.06
999;	135853;	135996;	143;	0.21;	-1.01;	9.42;	-0.06;	0.25;	-0.06;	-0.06;	0.25;	-0.06
1000;	135996;	136129;	133;	0.21;	-0.99;	9.46;	0.00;	0.06;	-0.13;	0.00;	0.06;	-0.13
1001;	136129;	136275;	146;	0.20;	-1.01;	9.45;	0.00;	-0.19;	0.00;	0.00;	-0.19;	0.00
1002;	136275;	136409;	134;	0.21;	-1.01;	9.45;	0.00;	0.06;	-0.13;	0.00;	0.06;	-0.13
1003;	136409;	136542;	133;	0.20;	-1.00;	9.42;	-0.13;	-0.19;	0.06;	-0.13;	-0.19;	0.06
1004;	136542;	136678;	136;	0.19;	-1.02;	9.45;	-0.06;	-0.06;	0.00;	-0.06;	-0.06;	0.00
1005;	136678;	136819;	141;	0.22;	-0.99;	9.46;	0.06;	-0.06;	0.06;	0.06;	-0.06;	0.06
